TeamBrodie
0 1 1 0 0 0 0 0 0 0 0 0 -3 0 0 0 0 0 0 0 0 0 0 0 0 0 0 0 0 0 0 0 0 0 0 0 0 0 0 0 0 0 0 0 0 0 0 0 0 0 0 0 0 0 0 0 0 0 0 0 0 0 0 0 0 0 0 1 0 0 0 0 0 0 0 0 0 0 0 0 3 0 0 0 0 0 0 0 0 0 0 0 0 0 0 0 0 0 0 0 0 0 0 0 -3 0 0 0 0 0 0 0 0 0 0 0 0 0 0 0 0 0 0 5 0 0 0 0 0 0 0 3 0 0 0 0 0 0 0 0 0 0 0 0 0 0 5 0 0 0 0 0 -5 0 0 0 0 0 
Dannyt
3 0 0 0 0 3 0 1 0 0 0 0 0 0 0 0 0 0 0 0 0 0 0 3 0 0 0 0 0 0 0 0 0 0 0 0 5 0 0 0 3 0 0 0 3 0 0 0 0 0 0 0 0 0 0 0 5 0 0 0 0 0 0 3 3 0 0 3 3 3 0 0 0 0 0 3 3 0 3 0 0 0 0 0 0 0 0 0 3 0 0 0 0 0 0 0 0 0 0 0 5 0 0 0 3 0 0 0 0 0 0 0 0 5 5 0 0 0 0 0 1 0 3 5 0 0 0 0 0 0 0 5 0 0 0 0 0 0 0 5 0 0 0 0 0 0 3 3 0 0 0 0 0 0 0 3 3 0 
lrico5
0 3 0 0 0 0 0 0 0 0 5 3 0 0 0 0 0 0 0 0 0 3 0 0 0 0 0 0 0 0 5 0 0 0 0 0 3 0 0 5 5 0 0 0 0 0 0 0 0 0 0 0 0 0 0 0 5 0 0 0 0 0 0 0 0 0 0 3 -3 0 0 3 0 0 0 0 0 0 0 0 1 0 0 0 0 0 0 0 5 0 0 0 0 0 0 0 0 0 0 0 0 0 0 0 1 0 0 0 1 0 0 0 0 0 0 0 0 0 0 0 0 0 0 3 0 0 0 0 0 0 0 3 0 0 5 0 0 3 0 3 0 0 0 0 0 0 0 3 0 0 0 0 0 0 0 0 5 0 
skurug2
1 1 0 0 0 3 -5 5 1 0 3 5 5 3 3 1 1 3 5 3 3 3 1 5 5 1 3 1 3 5 1 1 3 3 1 1 1 1 1 3 1 1 3 1 0 1 3 1 0 1 3 1 1 3 1 3 0 1 0 0 3 0 1 0 0 1 1 3 0 1 1 1 0 1 -5 0 0 0 0 0 1 0 3 3 0 -3 -3 1 0 0 0 1 0 1 0 1 0 1 3 5 0 1 3 1 1 3 5 1 0 1 3 0 1 3 0 0 1 1 0 -3 -5 -5 -5 5 0 5 5 5 3 1 1 1 3 1 0 1 3 1 1 3 5 3 1 3 1 1 3 1 1 0 1 1 1 0 0 1 0 1 
dtiwari
0 0 0 0 0 0 0 0 3 0 0 0 0 0 0 0 0 0 0 3 0 0 0 0 0 0 0 0 0 0 0 0 0 0 0 0 0 0 0 0 5 0 0 0 0 0 0 0 0 0 0 0 0 0 0 0 0 -3 0 0 0 0 0 0 0 0 0 0 1 0 0 0 0 0 1 0 0 0 0 0 0 0 0 0 0 0 0 0 0 -3 0 0 0 0 0 0 0 0 0 0 0 0 0 0 1 0 0 0 0 0 0 0 0 0 0 0 1 0 0 0 0 0 0 0 0 0 0 0 0 0 0 0 0 0 0 0 0 0 0 0 0 0 0 0 0 0 0 0 0 0 0 0 0 0 0 0 0 0 
ArtemL
0 0 0 0 0 0 0 1 0 1 0 0 0 0 0 0 0 0 0 0 0 1 0 0 0 0 0 0 0 0 0 0 0 0 0 0 0 0 0 0 0 0 1 0 5 0 0 0 0 0 0 0 0 0 0 0 5 5 0 0 0 0 0 0 3 0 0 3 1 -3 0 0 0 0 0 5 3 0 3 0 0 0 0 0 0 0 0 0 1 0 0 0 0 0 0 0 0 0 0 0 0 0 0 0 1 0 0 0 0 0 0 0 0 1 1 0 1 0 0 0 0 0 0 3 0 0 0 0 0 0 0 0 0 0 0 0 0 1 0 3 0 0 0 0 0 0 3 0 0 0 0 0 0 0 0 5 0 0 
AndrewMina
5 5 1 5 0 5 1 1 0 0 -3 -3 -5 -3 0 1 3 5 3 1 0 -3 -5 5 -3 0 1 3 5 5 5 1 5 3 5 1 3 1 5 1 3 5 -3 -5 -3 1 1 0 0 -5 0 1 3 5 3 1 0 -3 0 1 3 -5 -3 0 1 0 -5 5 5 -3 3 5 0 3 5 0 5 5 5 1 5 3 5 0 -5 1 1 -3 -3 5 -3 1 5 1 3 3 5 5 1 3 5 0 -3 -5 -3 0 1 3 5 5 5 3 5 3 3 5 3 5 3 5 -3 -5 -3 0 1 3 5 5 1 3 5 1 0 5 1 -5 0 5 1 5 -3 -5 0 1 0 0 -3 5 1 1 3 5 -3 3 -3 3 5 1 
Sai
0 0 0 0 0 0 0 0 0 0 0 0 0 0 0 0 0 0 0 0 0 0 0 0 0 0 5 0 0 0 0 1 0 0 0 5 3 0 0 0 3 0 0 0 0 0 3 0 0 0 0 0 0 0 0 0 3 0 1 0 0 3 0 0 5 0 0 3 0 0 0 3 0 0 0 3 3 0 0 0 0 0 0 0 0 0 0 0 3 1 0 0 0 0 0 0 0 0 0 0 0 0 0 0 5 0 0 0 0 0 0 0 0 0 0 0 0 5 0 0 3 0 5 5 0 5 3 0 0 0 3 3 0 5 3 0 0 0 0 3 0 0 0 0 0 0 3 3 0 0 0 0 0 5 3 3 3 0 
dpatel
-3 1 1 -3 0 1 1 -3 0 0 0 1 0 -3 0 0 0 0 0 0 0 1 0 0 0 0 0 0 0 0 0 0 0 0 0 0 0 0 0 0 1 0 0 0 0 0 0 0 0 0 0 0 0 0 0 0 0 1 0 0 0 0 0 0 0 0 0 0 -3 0 0 0 0 1 0 0 0 0 0 0 0 0 0 0 0 0 0 0 0 1 0 0 1 0 0 0 0 0 0 0 0 0 0 0 0 0 0 0 0 0 0 3 1 0 0 0 0 0 0 0 0 0 0 1 0 0 3 0 0 0 0 0 0 0 0 0 0 0 0 1 0 0 0 0 0 0 0 0 0 0 0 0 0 1 3 0 0 0 
thiscrazyideal
5 0 0 0 0 3 0 0 1 0 3 0 1 3 0 0 0 0 0 0 0 0 0 0 0 1 5 0 0 0 0 1 3 0 0 1 0 0 3 3 3 0 0 5 0 0 1 0 0 0 1 0 0 0 3 1 0 0 3 0 5 0 0 0 3 0 0 3 3 0 0 5 5 0 0 5 0 0 0 0 0 0 0 0 0 0 0 0 3 5 0 0 0 0 0 3 0 0 0 0 0 0 0 0 3 0 0 0 0 0 5 1 0 5 5 0 1 5 0 0 1 0 5 0 0 0 0 0 5 0 0 3 0 3 0 0 0 -3 0 -3 0 0 5 5 0 0 0 3 0 0 0 0 0 5 5 5 5 0 
rbroni2
3 1 0 0 0 3 3 0 0 0 3 0 0 0 0 0 0 0 0 0 3 0 0 1 0 0 0 0 0 0 0 0 3 0 0 0 0 0 0 0 0 0 3 0 0 0 0 0 0 0 0 0 0 0 0 0 0 0 0 0 3 0 0 0 0 0 0 3 1 0 0 3 0 0 0 0 0 0 0 0 3 0 0 0 0 0 0 0 3 0 3 0 0 0 0 0 0 0 0 0 0 0 0 0 0 0 0 0 3 0 0 0 0 0 0 0 -3 0 0 0 0 0 0 0 0 0 0 0 0 0 0 3 0 0 0 0 0 0 0 0 0 0 0 0 3 0 0 0 0 0 0 0 0 3 0 0 3 0 
Himangi
1 1 1 1 1 1 1 1 1 1 1 1 1 1 1 1 1 1 1 1 1 1 1 1 1 1 1 1 1 1 1 1 1 1 1 1 1 1 1 1 1 1 1 1 1 1 1 1 1 1 1 1 1 1 1 1 1 1 1 1 1 1 1 1 1 1 1 1 1 1 1 1 1 1 1 1 1 1 1 1 1 1 1 1 1 1 1 1 1 1 1 1 1 1 1 1 1 1 1 1 1 1 1 1 1 1 1 1 1 1 1 1 1 1 1 1 1 1 1 1 1 1 1 1 1 1 1 1 1 1 1 1 1 1 1 1 1 1 1 1 1 1 1 1 1 1 1 1 1 1 1 1 1 1 1 1 1 1 
jfowle20
1 1 0 0 0 5 5 -5 -3 0 -5 0 0 0 0 0 0 0 5 0 0 1 0 0 3 1 0 1 3 -5 0 1 1 3 0 1 0 0 0 0 1 3 1 -5 5 0 0 -3 0 0 0 0 0 0 0 0 1 5 0 0 1 0 0 0 1 0 0 1 -5 0 0 1 0 0 0 0 3 0 0 0 0 1 0 0 0 0 -5 0 3 -5 0 0 0 3 0 0 5 0 0 0 0 0 0 0 -5 0 1 0 -5 0 0 0 0 1 3 0 1 0 0 -3 0 0 0 0 0 0 0 0 -3 0 0 1 0 0 1 0 1 5 0 -5 0 0 -5 0 0 0 3 0 1 3 0 0 0 0 -5 1 5 0 
awang72
0 3 1 0 0 3 0 0 0 0 0 0 0 3 0 0 0 0 0 0 0 0 0 3 0 0 0 0 0 0 0 0 0 3 0 0 0 0 0 0 0 0 0 0 0 0 0 0 0 0 0 0 0 0 0 0 5 0 0 0 0 0 0 0 0 0 0 0 0 0 0 0 0 0 0 0 0 0 0 0 5 0 0 0 0 0 0 0 0 0 0 0 1 0 0 0 0 0 0 0 0 0 0 0 0 0 0 0 0 0 0 0 0 0 0 0 0 0 0 0 0 0 0 0 0 0 0 0 0 0 0 1 0 0 0 0 0 0 0 0 0 0 0 0 0 0 0 0 0 0 0 0 0 0 0 0 0 0 
John
5 -3 -3 0 0 5 5 0 0 0 5 3 -3 5 0 1 0 3 0 0 0 0 0 -3 3 5 0 0 0 1 0 0 3 3 0 1 -3 0 0 1 0 0 0 0 5 0 0 5 1 5 0 0 0 0 -3 0 1 5 0 0 5 0 0 0 5 0 0 -3 -3 -3 0 0 0 0 1 3 5 0 5 0 -3 0 0 0 0 1 0 0 0 -5 0 0 0 3 0 0 0 0 0 0 0 0 0 0 -5 0 -3 3 -3 0 0 1 -3 5 5 0 0 0 0 1 -3 0 0 5 0 0 -3 0 0 0 5 -3 0 0 -3 -3 0 -3 0 -3 0 1 0 0 1 0 5 0 0 0 0 0 0 0 0 0 0 0 
pludwa2@uic.edu
1 -5 -5 0 0 5 0 1 -3 0 -3 0 -5 0 0 0 0 3 0 0 0 -5 0 0 -3 1 0 1 0 1 -5 0 1 1 0 -3 0 0 0 1 0 3 1 1 3 0 -3 -3 1 3 0 0 0 0 0 0 1 -3 0 0 -5 1 0 0 1 -5 0 -5 -5 -5 0 0 0 0 0 0 1 0 1 1 -5 -5 0 0 0 3 1 1 1 -5 0 0 0 5 0 0 1 3 0 0 0 0 0 5 0 0 0 5 -5 -3 0 0 0 -5 -5 0 -5 0 0 1 0 0 0 0 0 -5 -5 3 5 0 0 1 -5 0 0 0 3 -5 0 -5 0 1 1 0 0 0 1 0 1 3 -5 0 0 0 -5 1 0 3 
Erica
5 0 0 0 0 3 5 1 5 0 1 0 0 -3 0 0 0 0 0 0 0 0 0 0 0 0 0 0 0 0 0 0 0 0 0 0 -3 0 0 3 3 0 1 0 0 0 0 0 0 0 0 0 0 0 0 0 0 0 0 0 1 0 0 0 0 0 0 1 -3 0 0 0 0 0 0 5 0 0 3 0 0 0 0 0 0 0 0 0 0 -5 0 0 0 1 0 0 0 0 0 0 0 0 0 0 1 0 0 0 0 0 0 0 0 3 5 0 3 0 0 0 0 0 0 0 0 0 0 0 0 0 0 0 0 0 5 0 0 0 0 1 0 5 0 0 0 0 0 1 3 0 0 0 0 0 -5 1 1 0 
jwisem6
3 1 0 0 3 5 5 1 1 0 1 0 1 0 0 3 0 1 0 0 1 -3 0 1 3 1 0 1 0 3 1 0 5 0 0 -3 0 3 1 1 1 3 1 1 3 0 0 0 1 1 1 1 3 3 0 0 3 3 0 0 -3 0 0 3 1 -3 3 3 1 0 0 1 1 1 1 5 3 0 3 1 0 0 3 0 0 3 -3 3 3 1 0 0 1 3 0 1 1 3 0 0 0 0 0 0 1 0 1 3 -3 0 1 0 0 3 3 0 1 0 0 0 -3 0 0 1 0 1 1 0 0 1 0 1 0 1 0 0 3 1 0 1 0 1 1 1 1 0 3 1 0 0 -3 0 5 1 1 1 1 0 
floza4
5 3 1 0 0 3 3 3 0 0 5 1 0 5 0 0 0 3 0 0 1 1 0 5 3 0 -3 -3 -3 3 0 0 3 -3 3 5 1 -5 0 0 3 0 5 1 3 0 3 0 0 0 0 0 0 0 -3 1 5 0 0 0 0 0 0 0 3 0 5 5 1 -3 0 0 -3 -3 0 3 1 0 0 0 5 0 0 0 0 1 1 1 1 1 0 0 3 0 0 0 0 1 1 0 3 0 -3 -3 1 0 0 0 5 0 0 3 1 1 1 0 0 0 0 0 -3 0 -3 3 0 1 1 0 0 -3 -3 3 0 0 3 3 1 1 1 1 1 0 0 0 0 0 0 3 0 0 0 0 0 0 0 0 -3 -3 
kp0502
0 1 0 0 0 0 0 0 0 0 0 0 0 0 0 0 0 0 0 0 0 0 0 0 0 0 0 1 -3 0 0 0 1 0 1 0 -3 -3 0 1 0 -3 0 -3 1 1 1 0 0 0 0 0 1 1 1 0 0 0 0 0 0 0 0 0 0 1 1 1 3 1 1 0 3 3 0 0 1 0 1 0 0 0 0 0 0 0 0 0 0 1 0 0 0 0 0 0 0 0 0 0 0 0 0 1 1 0 0 0 1 0 0 0 0 0 0 0 0 0 0 0 0 0 0 0 0 0 0 0 0 0 0 0 1 0 0 0 0 1 0 1 0 0 0 0 3 0 0 0 0 0 3 0 0 0 0 1 1 0 
rjasia2
0 0 0 0 0 1 3 0 0 0 -3 0 0 0 0 0 0 -3 0 0 0 0 0 0 0 0 0 0 0 0 0 0 1 0 0 0 0 0 0 0 0 0 0 0 1 0 0 1 0 1 0 0 0 0 0 0 0 0 0 0 0 0 0 0 0 0 0 -3 0 0 0 0 0 0 0 0 0 0 -3 0 0 0 0 0 0 0 0 0 1 0 0 0 0 1 0 0 0 0 0 0 0 0 0 0 -3 0 0 0 0 0 0 0 0 0 0 0 0 0 0 0 0 0 0 0 0 0 0 0 0 0 0 0 0 0 0 0 0 0 0 0 0 0 0 0 0 0 0 0 0 0 0 0 0 0 0 0 0 0 
Kozmo
1 -3 0 0 0 1 1 0 0 0 0 0 0 0 0 0 0 0 0 0 0 0 0 0 0 0 0 0 0 -3 0 0 1 0 0 1 0 0 0 -3 1 0 0 0 1 0 0 1 0 0 0 0 0 0 0 0 1 1 0 0 -5 -5 0 0 0 0 0 0 1 0 0 0 0 0 0 1 0 0 3 0 0 0 0 0 0 0 0 0 0 0 0 0 0 0 0 0 0 0 0 0 0 0 0 0 0 0 0 1 0 0 0 0 0 1 1 0 0 0 0 0 0 0 0 0 0 0 0 0 -5 0 0 0 0 0 0 -3 5 0 0 1 0 1 -5 0 0 0 1 0 0 0 0 0 1 0 -3 0 0 0 
asunda23
1 3 3 0 0 0 0 1 5 1 0 0 3 5 0 0 0 0 0 0 0 1 0 5 3 3 1 3 3 3 0 0 5 0 0 3 3 0 3 3 5 3 0 0 1 1 3 0 0 0 0 0 0 0 3 0 1 0 0 0 0 3 0 0 0 1 1 0 3 1 1 3 1 0 0 3 5 1 3 0 0 0 0 0 0 0 0 1 3 5 1 0 3 0 0 0 0 0 0 0 3 0 0 3 3 0 0 0 0 0 0 3 3 0 0 0 3 0 0 0 3 0 3 0 0 1 5 0 0 0 3 3 0 0 0 0 0 0 0 5 0 0 0 3 0 0 3 3 0 0 0 0 0 3 5 3 0 0 
tfox
1 3 0 0 0 3 0 0 0 3 3 0 0 -3 1 0 0 -3 0 0 0 0 0 0 0 0 0 0 0 3 1 0 -3 0 0 0 0 0 0 -3 1 1 1 1 0 0 0 0 0 0 0 0 0 0 0 0 3 1 0 1 -3 0 0 0 1 0 0 0 0 0 0 0 0 0 0 0 0 0 0 0 0 1 0 0 0 0 -3 0 0 0 0 0 0 0 0 0 0 0 0 0 0 0 3 0 -3 0 0 0 0 3 0 0 0 1 1 0 -3 0 1 1 -3 0 0 0 0 0 0 3 1 0 0 3 3 0 -3 0 1 1 1 1 0 0 -3 0 0 0 -3 0 0 0 0 0 1 0 0 0 1 0 
acarr20
0 3 1 0 0 5 0 3 0 5 3 0 3 3 0 0 0 0 0 0 3 5 0 3 0 0 0 0 0 5 5 0 5 0 0 5 5 0 3 5 1 0 5 0 3 0 1 3 0 0 0 0 0 0 0 0 0 0 0 3 3 0 0 0 0 0 0 5 5 5 0 0 0 0 0 0 0 0 0 0 5 5 0 5 0 0 3 0 5 5 0 0 0 0 0 1 0 0 0 0 3 0 0 0 3 0 5 0 5 5 0 3 0 0 0 0 3 3 0 0 0 0 3 3 1 1 1 0 0 0 5 5 5 0 0 0 0 5 0 3 5 0 3 5 5 0 0 5 5 0 0 5 0 0 0 0 0 0 
rmundr3
0 0 0 0 0 1 0 0 0 0 0 0 0 0 0 0 0 0 0 0 0 0 0 -3 0 0 0 0 0 0 0 0 0 0 0 0 0 0 0 0 0 0 0 0 0 0 0 0 0 0 0 0 0 0 0 0 0 0 0 0 0 0 0 0 0 0 0 -3 0 0 0 0 0 0 0 0 0 0 0 0 -5 0 0 0 0 0 0 0 1 0 0 0 0 0 0 0 0 0 0 0 0 0 0 0 0 0 0 0 0 0 0 0 0 0 0 0 0 0 0 0 0 0 0 0 0 0 0 0 0 0 0 0 0 0 0 0 0 0 0 0 0 0 0 0 0 0 0 0 0 0 0 0 0 0 0 0 0 0 
Megh Patel
0 -3 -3 0 0 0 0 0 0 0 0 0 0 3 0 0 0 0 0 1 0 0 0 3 0 0 0 0 0 0 0 0 0 0 0 0 5 0 0 0 0 0 0 0 0 0 0 0 0 0 0 0 0 0 0 0 0 0 0 0 0 0 0 0 0 0 0 0 -3 0 0 0 0 0 0 0 0 0 0 0 0 0 0 0 0 0 0 0 0 5 0 0 1 0 0 0 0 0 0 0 1 0 0 0 0 0 0 0 0 0 0 0 0 0 0 0 0 0 0 0 0 0 0 0 0 0 0 0 0 0 0 0 0 0 0 0 0 0 0 0 0 0 0 0 0 0 0 5 0 0 0 0 0 0 0 0 0 0 
vcayas2
0 0 0 0 0 3 0 0 0 0 5 0 0 5 0 0 0 0 0 0 0 0 0 0 0 0 0 0 0 0 0 0 0 0 0 0 0 0 0 0 0 0 0 0 5 0 0 0 0 0 0 0 0 0 0 0 5 0 0 0 0 0 0 0 5 0 0 5 1 1 0 0 0 0 0 0 5 0 5 0 0 0 0 0 0 0 0 0 0 0 0 0 0 0 0 0 0 0 0 0 0 0 0 0 1 0 0 0 0 0 0 0 0 1 1 0 0 0 0 0 0 0 1 0 0 0 0 0 0 0 0 0 0 0 0 0 0 0 0 0 0 0 0 0 0 0 5 5 0 0 0 0 0 0 0 0 0 0 
rhusai2
-5 -3 0 1 5 3 1 0 0 -3 -5 -3 0 1 3 5 3 1 0 -3 -5 -3 0 1 3 5 3 1 0 -3 -5 -3 0 1 3 5 3 1 0 -3 -5 -3 0 1 3 5 3 1 0 -3 -5 -3 0 1 3 5 3 1 0 -3 -5 -3 0 1 3 5 3 1 0 -3 -5 -3 0 1 5 3 1 0 -3 -5 -3 0 1 3 5 3 1 0 -3 -5 -3 0 1 3 5 3 1 0 -3 -5 -3 0 1 3 5 3 1 0 -3 -5 -3 0 1 3 5 3 1 0 -3 -5 -3 0 1 3 5 3 1 0 -3 -5 -3 0 1 3 5 3 1 0 0 -3 -5 -3 0 1 3 5 3 1 0 -3 -5 -3 0 1 3 5 3 1 
yaum2
0 -5 -5 0 0 3 1 0 0 0 1 1 0 1 0 0 0 0 0 0 0 -3 0 0 0 0 0 0 0 -3 0 0 3 0 1 3 0 0 0 0 0 0 0 3 3 0 1 0 0 0 -3 0 0 0 0 0 1 3 0 0 1 0 0 0 0 0 0 3 -3 0 0 0 0 0 0 3 0 0 1 0 1 0 0 0 0 0 0 0 3 -5 0 0 1 0 0 0 0 0 0 0 0 1 0 0 1 0 0 0 1 0 -3 3 0 3 3 0 0 0 0 0 -3 0 0 0 0 0 -3 0 0 0 3 1 1 0 3 0 0 -5 0 0 0 3 0 0 0 0 0 -3 0 0 1 0 0 0 -5 0 1 0 
ainsal2
-3 1 -3 0 3 3 0 -3 0 0 3 0 1 3 0 0 0 0 0 0 0 -3 -3 3 0 3 0 0 0 0 0 0 0 0 0 0 1 0 0 3 3 0 0 3 3 0 -3 0 0 0 -3 0 0 0 1 0 -3 0 0 0 1 1 0 0 -3 0 0 5 3 -3 3 5 3 -3 0 1 3 0 3 3 3 -3 0 0 0 0 0 0 3 1 0 0 3 0 0 -3 1 0 0 0 5 0 0 0 3 0 0 0 3 0 0 5 0 0 0 0 0 0 0 0 -3 0 1 5 0 0 1 0 0 0 -3 1 -3 1 3 0 3 3 0 5 0 0 5 3 1 0 5 1 0 0 0 0 0 -3 1 1 3 0 
Shawn
-3 0 1 3 -3 -3 -5 -3 5 -5 1 -3 0 0 3 1 1 0 5 -5 3 3 0 0 1 -3 -3 3 -5 5 3 3 0 1 1 -3 -3 -5 1 0 -3 -5 3 3 -3 1 -5 5 0 3 -5 -3 1 0 3 1 5 -3 -5 3 -3 -3 0 1 -3 -3 -5 0 -5 -5 1 3 3 0 -5 -3 0 0 -5 1 0 1 1 3 0 1 0 1 -3 0 5 5 5 0 -3 5 0 1 -3 -5 1 0 0 0 0 1 1 1 -3 1 3 0 -5 3 -3 0 1 5 -3 3 -3 -3 3 0 -3 5 1 0 -3 -5 1 0 -3 3 -3 1 -3 5 1 1 3 5 -5 1 0 -3 -3 3 -3 0 -3 -3 -5 1 -3 0 -5 -3 
Ankit42
0 -3 -3 -3 -3 3 0 1 0 0 5 5 -3 5 0 0 0 0 0 0 0 0 0 5 0 0 0 3 0 0 0 0 5 0 0 3 3 0 0 1 -5 0 0 0 3 0 1 0 0 0 1 0 0 3 0 0 1 3 0 0 5 3 0 1 5 0 0 3 1 3 0 0 3 0 0 5 5 0 5 0 5 5 3 0 0 0 0 0 5 5 0 0 3 0 0 1 0 0 0 0 5 0 0 0 -5 0 0 0 5 0 0 5 1 0 0 0 1 0 0 0 3 0 0 5 0 1 -3 0 0 0 1 3 0 0 1 0 0 -3 0 1 0 0 0 0 0 0 3 1 3 0 5 0 0 0 5 0 0 0 
bryanzb
3 3 0 0 0 3 3 3 0 0 -3 0 0 0 0 0 0 0 0 0 5 0 0 0 -5 -5 0 0 0 -5 0 0 3 5 5 3 3 3 0 0 0 0 0 0 3 0 0 3 0 0 0 0 0 0 0 0 0 3 0 0 3 0 3 0 1 0 0 3 1 0 0 0 0 0 0 5 0 0 3 0 3 0 0 0 0 5 0 0 3 0 0 0 0 0 0 0 3 0 0 0 0 5 0 0 3 0 0 5 3 0 0 0 0 -3 -3 0 0 0 5 0 0 0 0 3 0 0 0 0 5 3 3 0 0 0 -3 0 0 5 0 0 0 0 0 3 -3 0 -5 0 0 0 0 0 0 0 3 5 -3 0 
Kid C++di
-3 -5 0 0 0 1 1 0 0 0 -5 0 0 0 0 0 0 1 0 0 0 -3 0 0 0 0 0 0 0 1 0 0 -3 0 0 0 -5 0 0 1 0 0 3 0 3 0 3 5 5 0 0 0 0 0 0 0 1 -3 0 0 -3 3 1 0 0 0 0 3 -3 0 0 0 0 0 0 0 -5 0 1 0 0 0 5 0 0 0 0 0 0 0 0 0 0 -3 0 0 1 0 1 0 0 0 0 5 0 0 0 3 0 0 0 0 0 -3 -3 0 -5 0 3 0 -3 -5 0 1 0 0 0 0 1 0 0 0 0 0 0 0 -3 1 5 0 0 3 1 -3 0 0 3 0 0 0 0 0 0 0 -3 0 0 0 
jeslopez
0 3 0 0 0 1 5 3 0 0 1 0 0 0 0 0 0 0 0 0 3 1 3 3 0 0 0 0 0 0 0 0 5 0 0 0 3 0 0 3 5 0 5 0 0 0 0 0 0 0 3 0 0 0 0 0 0 0 0 0 5 0 0 0 3 0 0 3 3 3 0 0 0 0 0 1 0 0 0 0 0 0 0 0 0 0 0 0 5 5 0 0 0 0 0 1 5 0 0 0 5 0 0 0 3 0 5 0 0 0 0 0 0 1 1 0 3 1 0 0 -3 0 -3 3 0 -3 3 0 0 5 1 5 5 0 0 0 0 3 0 5 0 0 0 0 0 0 0 3 0 3 0 0 0 0 3 0 0 0 
psreer3
0 3 0 0 0 3 5 1 1 0 3 5 0 5 0 0 0 0 0 0 0 3 0 1 5 0 0 0 0 0 0 5 0 5 0 5 0 0 0 0 5 5 0 0 0 0 5 5 0 0 0 0 0 0 0 0 0 5 0 0 5 5 0 3 5 0 0 0 3 0 0 0 0 0 0 0 5 0 3 0 -5 0 0 0 0 3 0 0 5 0 0 0 0 0 0 0 0 0 0 0 1 0 0 0 1 0 0 0 -5 0 0 5 0 3 3 0 1 0 5 0 0 0 0 5 0 0 0 0 0 0 0 0 0 5 5 3 0 5 5 5 0 5 5 0 0 0 3 0 0 0 0 0 0 0 1 0 0 0 
Sam
5 0 0 0 0 -3 3 0 0 0 1 0 0 0 0 0 0 0 0 0 0 0 0 0 5 0 0 3 0 0 0 0 0 0 0 -3 0 0 0 0 0 5 1 0 0 0 0 5 0 0 0 0 0 0 0 0 5 0 0 0 5 0 0 0 0 0 0 3 3 0 0 5 0 0 0 3 0 0 0 0 0 0 0 0 0 0 0 0 -3 0 0 0 0 0 0 0 0 0 0 0 0 0 0 0 -3 0 0 0 0 0 0 0 0 5 5 0 0 0 0 0 0 0 0 0 0 0 0 0 0 0 0 0 0 0 0 0 0 3 0 3 0 5 0 0 0 0 0 -3 0 0 0 0 0 5 0 5 0 5 
jcorona3
0 5 0 0 0 0 0 5 3 0 5 0 0 0 0 0 0 0 0 0 0 0 0 5 0 0 0 0 0 0 5 0 5 0 0 0 5 0 0 3 5 0 0 0 0 0 3 0 0 0 1 0 0 0 0 0 3 0 0 0 5 0 0 3 0 0 0 5 5 0 0 0 0 0 1 0 0 0 0 0 1 0 0 0 0 0 0 0 0 1 0 0 1 0 0 0 5 0 0 0 0 0 0 0 3 0 0 0 1 0 0 0 0 0 0 0 5 0 0 0 5 0 0 1 0 0 -3 0 0 1 1 0 0 0 0 0 0 5 0 5 0 0 1 0 1 0 0 3 0 0 0 0 0 0 -3 0 0 0 
Bairez14
1 3 1 5 5 0 5 5 5 5 0 5 1 5 0 1 0 0 0 0 0 5 5 5 0 0 3 0 0 5 1 0 0 0 0 5 5 0 0 3 5 5 0 1 1 0 5 5 3 0 0 0 0 0 0 0 5 5 0 0 5 0 0 5 5 0 0 5 5 5 0 0 0 1 3 0 5 0 0 0 0 0 1 0 0 5 0 0 0 1 0 0 5 0 0 0 3 0 5 0 5 0 0 0 5 0 0 5 0 0 0 5 0 5 5 0 1 0 5 5 5 1 0 5 0 5 5 0 3 3 5 5 0 5 0 1 0 1 0 5 0 0 5 0 0 0 5 5 0 0 0 0 0 0 3 0 0 0 
Cole Pearson
3 3 1 0 0 5 5 5 3 0 5 5 3 5 0 3 0 0 0 0 3 -3 0 3 5 5 5 3 0 5 0 5 3 0 5 5 -3 0 3 5 1 5 5 5 0 5 5 5 3 0 3 0 0 5 5 0 5 5 3 3 5 5 5 3 5 3 1 5 3 3 0 0 3 1 3 5 5 0 5 3 5 3 1 0 0 1 0 0 5 1 0 0 3 0 0 1 3 0 0 0 3 3 0 0 3 0 1 3 5 1 0 5 0 5 5 0 3 5 5 1 1 0 0 5 0 3 3 0 5 3 5 5 5 1 5 3 0 3 0 1 0 5 1 5 3 0 5 5 0 0 5 1 0 0 0 0 5 0 
dani_v
3 3 1 0 0 5 5 0 0 0 3 0 5 1 0 0 0 0 0 0 3 1 0 5 1 0 0 1 1 0 0 0 0 0 5 3 3 0 0 3 3 0 5 0 -3 0 1 0 0 0 0 0 5 5 0 0 -3 0 0 0 3 0 0 0 0 3 0 5 5 1 0 0 0 -3 0 3 0 0 3 0 5 3 0 0 0 0 0 0 3 5 0 0 0 0 0 1 0 0 0 0 0 5 0 0 5 0 3 0 5 0 3 5 -3 0 0 0 3 0 0 3 -3 0 3 -5 0 0 1 0 5 0 3 3 0 0 3 0 0 3 0 5 0 0 0 0 0 0 0 -3 1 0 5 0 0 0 5 3 3 0 
Anwar
0 1 0 0 0 3 1 0 0 0 3 0 0 1 0 0 0 0 0 0 0 0 0 0 0 0 0 0 0 0 0 0 0 0 1 1 0 0 0 0 0 0 3 0 0 0 0 0 0 0 0 0 0 0 0 0 3 0 0 0 0 0 0 0 0 0 0 0 1 0 0 0 0 0 0 5 3 0 0 0 0 0 0 0 0 0 0 0 0 0 0 0 0 0 0 0 0 0 0 0 0 0 0 0 1 0 0 0 0 0 0 0 0 3 5 0 0 0 0 0 0 0 0 0 0 0 0 0 0 0 0 3 0 0 0 0 0 1 0 0 0 0 0 0 0 0 0 1 0 0 0 0 0 0 0 0 0 0 
Donut
0 0 1 0 -3 0 -3 0 0 0 0 0 0 0 1 0 1 0 0 0 1 0 -3 -3 0 0 0 0 0 0 0 0 1 0 1 0 0 0 1 -3 -3 0 0 0 0 0 3 0 0 1 0 3 0 0 0 1 0 0 0 0 0 0 0 0 0 0 0 0 0 0 0 0 0 0 0 0 0 0 0 0 0 0 0 0 0 0 0 0 0 3 -3 -3 0 0 0 0 0 0 0 0 0 0 0 0 0 1 1 0 0 1 0 0 0 0 0 0 0 0 0 0 0 0 0 0 0 0 0 0 0 0 -3 -3 0 -3 0 0 0 0 0 0 0 0 0 0 1 0 1 0 0 0 0 0 0 0 1 1 0 0 
Mosrour
3 1 3 0 3 0 0 3 0 0 1 -3 0 5 0 5 0 0 0 0 0 5 0 0 0 0 0 0 0 0 0 0 5 0 0 0 0 0 5 0 0 5 0 0 5 0 0 5 0 0 -3 0 0 1 0 0 0 1 0 0 0 0 0 1 0 0 1 0 0 0 0 1 0 0 0 0 0 0 1 0 3 0 -3 0 0 0 1 0 0 5 5 0 5 0 0 0 0 0 0 0 0 0 0 1 0 0 1 0 0 0 1 0 5 0 5 0 0 -3 -3 5 5 -5 0 5 0 0 0 0 0 0 0 5 0 0 0 0 0 5 0 0 0 5 0 0 0 5 0 0 0 0 5 0 0 0 0 0 0 5 
ebugar4
5 1 0 0 0 0 0 3 0 0 1 0 0 0 0 0 0 3 0 0 0 0 0 1 0 0 0 0 0 -3 0 0 3 0 0 3 0 0 0 3 0 0 0 0 0 0 3 3 0 0 0 0 0 0 0 0 0 1 0 0 3 0 0 0 1 0 0 1 1 0 0 0 0 0 0 0 3 0 0 0 0 0 0 0 0 0 0 0 1 0 0 0 3 0 0 0 3 0 0 0 1 0 0 0 0 0 0 0 0 0 0 0 0 0 0 0 0 0 0 3 0 0 0 3 0 0 0 0 3 0 3 5 0 3 3 0 0 0 0 0 0 3 0 0 0 0 3 0 0 0 0 0 0 0 0 0 0 0 
squeaky
1 5 0 0 0 0 0 0 0 5 3 0 0 -5 0 0 0 0 0 0 5 0 0 -3 0 0 0 0 0 -5 1 0 0 0 5 -3 0 0 1 0 1 0 3 3 0 0 0 0 0 0 0 0 0 3 0 0 0 0 0 0 -3 0 0 0 0 0 0 3 -3 0 0 0 0 0 0 0 0 0 0 0 5 1 0 0 0 0 0 0 1 1 0 0 0 0 0 1 0 1 0 0 0 5 0 0 3 0 -5 0 5 0 0 0 0 0 0 0 -3 0 0 0 1 0 0 3 0 0 3 0 0 0 0 3 3 0 1 0 0 -3 0 3 1 0 0 1 1 0 0 0 0 0 5 0 0 0 1 1 -3 0 
Sami
0 -3 -5 0 0 3 0 0 0 0 5 0 0 0 0 0 0 0 0 0 0 0 0 0 0 0 0 0 0 0 0 0 0 0 0 0 0 0 0 0 3 0 0 0 0 0 0 0 0 0 0 0 0 0 0 0 3 0 0 0 0 0 0 0 0 0 0 3 -3 0 0 0 0 0 0 0 0 0 0 0 1 0 0 0 0 0 0 0 3 0 0 0 0 0 0 0 0 0 0 0 0 0 0 0 -5 0 0 0 1 0 0 0 0 0 0 0 0 0 0 0 0 0 0 5 0 0 0 0 0 0 0 3 0 0 0 0 0 -3 0 0 0 0 0 0 0 0 0 0 0 0 0 0 0 0 0 0 0 0 
elieckhaus
0 -3 -3 0 0 3 1 0 0 0 3 3 0 3 0 0 0 0 0 0 3 0 0 0 0 0 0 0 0 0 0 0 3 0 0 3 0 0 5 0 0 0 1 0 0 0 3 0 0 0 0 0 0 0 3 0 3 0 3 0 3 0 0 0 0 0 0 3 0 0 0 3 0 0 0 0 0 0 3 0 0 0 0 0 0 0 0 0 3 -3 0 0 3 0 0 0 0 0 0 0 0 1 0 0 -3 0 0 0 1 0 0 3 0 0 3 0 0 0 0 0 0 0 0 0 0 0 0 0 0 0 3 0 0 0 0 0 0 0 0 0 0 0 0 3 0 0 0 0 0 0 0 0 0 3 0 0 0 0 
tpham54
0 3 0 0 0 0 0 3 0 0 5 3 3 5 0 0 0 0 0 0 0 0 0 3 0 0 0 0 0 0 3 0 0 0 0 0 0 0 0 0 3 0 0 0 0 0 0 0 0 0 0 0 0 0 0 0 0 0 0 0 0 0 0 0 0 0 0 5 3 3 0 0 3 3 0 0 0 0 0 0 1 1 0 0 0 0 0 0 0 3 0 0 0 0 0 5 0 0 0 0 5 0 0 0 1 0 0 0 1 0 0 0 0 3 3 0 0 0 0 0 3 0 0 1 0 1 0 0 0 0 0 3 0 0 0 0 0 5 0 3 0 0 0 0 0 0 0 3 0 0 0 0 0 0 3 0 0 0 
root
0 0 0 0 3 -3 0 0 0 0 3 0 0 0 0 0 0 0 0 0 0 0 0 0 0 0 0 0 0 0 0 0 0 0 0 0 0 0 0 0 0 0 0 0 0 0 0 0 0 0 0 0 0 0 0 0 3 0 0 0 0 0 0 0 0 0 0 0 0 0 0 0 0 0 0 0 0 0 0 0 1 0 0 0 0 0 0 0 0 0 0 0 0 0 0 0 0 0 0 0 0 0 0 0 0 0 0 0 0 0 0 0 0 0 0 0 0 0 0 0 0 0 0 0 0 0 0 0 0 0 0 0 0 0 0 0 0 0 0 0 0 0 0 0 0 0 0 0 0 0 0 0 0 0 0 0 0 0 
Boruto's Dad 
1 1 0 0 0 5 0 1 3 0 1 1 -3 5 0 0 0 5 0 0 0 0 0 0 0 1 0 0 0 5 -3 3 1 0 0 5 0 0 0 3 3 1 0 0 3 0 5 3 5 5 0 0 0 0 0 0 5 3 0 0 1 3 0 0 0 0 0 1 -3 -3 0 0 0 0 5 0 5 0 1 0 0 0 5 0 0 0 0 0 5 -3 0 0 0 0 0 0 5 0 0 0 0 0 0 0 -3 0 0 0 0 0 0 0 0 0 5 0 5 0 0 5 0 0 0 5 0 0 1 0 5 5 5 3 0 5 0 0 0 -3 0 3 0 5 3 0 0 0 5 0 0 0 0 0 0 0 0 0 0 0 
kpate400
-5 -3 0 1 3 5 3 1 0 -3 -5 -3 0 1 3 5 3 1 0 -3 -5 -3 0 1 3 5 3 1 0 -3 -5 -3 0 1 5 3 1 0 -3 -5 -3 0 1 3 5 3 1 0 -3 -5 -3 0 1 3 5 3 1 0 -3 -5 -3 0 1 3 5 3 0 -3 -5 -3 0 1 3 5 3 1 0 -3 -5 -3 0 1 3 5 3 1 0 -3 -5 -3 0 1 3 5 3 1 0 -3 -5 -3 0 1 3 5 3 1 0 -3 -3 3 3 0 0 3 5 5 5 5 1 0 -3 -3 -5 -3 0 1 3 5 3 1 0 -3 -5 -3 0 1 3 5 3 1 0 -3 -5 -3 0 1 3 5 3 1 0 -3 -5 -3 0 1 3 5 
CodeWanderer
1 5 5 0 0 0 0 0 0 0 0 0 0 0 0 0 0 0 0 0 0 0 0 0 0 0 0 0 0 0 0 0 0 0 0 0 0 0 0 0 0 0 0 0 0 0 0 0 0 0 0 0 0 0 0 0 0 0 0 0 0 0 0 0 0 0 0 0 5 0 0 0 5 5 0 5 5 0 0 0 3 0 0 0 0 0 0 0 0 5 0 0 5 0 0 0 0 0 0 0 0 0 0 0 0 0 0 0 0 0 0 0 0 0 0 0 0 0 0 0 0 0 0 5 0 0 0 0 0 0 0 0 0 0 0 0 0 0 0 0 0 0 0 0 0 0 0 0 0 0 0 0 0 0 3 1 0 0 
lunari
0 3 0 0 0 0 0 3 0 0 0 0 3 0 0 0 0 0 0 0 0 5 0 5 0 0 0 0 0 0 0 0 0 0 0 0 5 0 3 3 5 0 0 0 0 0 0 0 0 0 0 0 0 0 3 0 3 0 0 0 0 0 0 0 0 0 0 3 3 3 0 0 3 0 0 0 0 0 0 0 0 0 0 0 0 0 0 0 0 0 0 0 0 0 0 3 0 0 0 0 0 0 0 0 5 0 5 0 0 0 0 0 0 0 0 0 0 5 0 0 5 0 3 3 0 0 5 0 0 0 0 3 0 0 0 0 0 5 0 5 0 0 5 5 0 0 0 5 0 0 0 0 0 0 3 0 0 0 
rmalon8
1 1 0 5 0 3 3 1 0 0 5 1 0 1 0 0 0 1 0 0 0 0 0 0 3 0 0 0 0 1 0 0 1 0 1 0 0 3 0 0 0 0 1 0 3 0 0 0 1 3 0 0 0 0 0 0 0 1 0 0 1 0 0 5 3 0 0 1 1 0 0 0 0 0 5 0 5 0 1 0 0 3 1 0 0 3 -3 1 1 0 0 0 1 0 0 0 5 0 0 0 0 1 0 1 -3 0 0 3 0 1 0 0 0 3 3 0 -3 0 0 0 0 0 0 0 0 0 0 0 3 3 0 1 0 3 3 5 0 5 0 0 0 0 0 0 0 0 5 0 5 0 1 0 0 0 -3 3 1 0 
chez
5 -3 0 0 3 5 1 0 0 0 3 5 0 5 0 0 0 0 0 0 5 -3 5 1 3 3 0 5 0 0 0 0 5 0 0 5 0 0 3 0 0 0 0 0 5 0 5 3 0 3 0 0 0 0 3 0 1 3 5 0 -3 0 0 5 0 0 0 1 -3 -3 0 0 0 0 5 5 0 0 3 0 0 0 0 0 0 5 0 3 5 1 0 0 3 1 0 0 3 0 0 0 0 0 0 0 -3 0 0 5 0 0 0 5 0 1 1 0 0 0 0 3 0 1 0 3 0 0 0 0 0 5 5 1 0 0 0 5 5 1 0 0 0 0 0 5 0 0 0 1 0 0 0 0 5 0 0 5 5 0 
amieki2
-3 1 -3 3 1 5 3 -3 -3 -3 -3 -3 -3 -3 -3 3 0 1 0 0 0 -3 1 1 1 0 1 0 0 5 3 0 0 0 0 3 -3 0 0 1 1 5 0 0 3 0 5 0 1 1 1 0 0 0 0 0 -3 1 0 0 5 1 5 5 5 -5 0 -3 1 -3 0 0 1 1 1 0 5 0 1 1 0 0 1 -3 3 3 0 0 1 3 0 0 0 0 0 5 5 1 0 0 1 0 0 0 5 0 5 5 -5 0 0 0 0 5 5 0 3 3 0 0 3 1 3 3 0 0 1 0 1 0 3 3 0 3 3 3 0 3 0 3 0 3 -3 0 0 0 0 -3 0 0 0 0 0 1 1 0 3 0 
Saahi22
0 5 0 0 0 0 0 0 0 0 0 0 0 0 0 0 0 0 0 0 0 0 0 5 0 0 0 0 0 0 5 0 0 0 5 0 1 0 0 0 5 0 3 0 0 0 0 0 0 0 0 0 0 0 1 0 0 0 0 0 0 0 0 0 0 0 0 5 5 0 0 0 0 0 0 0 0 0 0 0 5 0 0 0 0 0 0 0 0 0 0 0 0 0 0 0 0 0 0 0 0 0 0 0 5 0 5 0 5 0 0 5 0 0 0 0 0 0 0 0 3 0 0 5 0 0 3 0 0 0 0 0 0 0 0 0 0 5 0 5 0 0 0 0 0 0 0 0 0 0 0 0 0 0 1 0 0 0 
Carl Brutananadilewski
0 -5 0 5 3 5 1 -3 0 0 5 1 1 3 0 3 3 3 3 0 0 3 0 1 5 3 3 1 3 5 -3 1 3 1 5 3 3 3 1 1 3 0 3 1 3 1 3 1 5 5 0 0 0 0 0 1 1 3 1 3 1 0 0 0 5 0 0 3 1 1 0 5 0 0 1 1 5 0 3 3 3 3 3 1 0 0 0 0 3 1 0 3 1 3 0 0 0 0 0 0 3 5 0 0 3 0 1 0 3 0 0 1 0 3 3 0 0 0 5 0 -3 0 0 5 0 3 1 0 1 0 3 5 1 3 0 0 3 -5 0 1 3 1 3 3 3 0 5 0 0 5 3 5 0 5 -3 0 5 0 
Besher
0 1 0 0 0 5 0 0 1 0 3 0 0 3 0 0 0 0 0 0 0 0 0 1 -3 0 0 0 0 0 0 0 3 3 0 0 3 0 0 0 0 0 0 0 0 0 0 0 0 0 0 0 0 0 0 0 0 0 0 0 5 0 0 0 0 0 0 5 0 0 0 0 0 0 0 0 0 0 0 0 0 0 3 0 0 0 0 0 5 3 0 0 3 0 0 0 0 0 0 0 0 0 0 0 5 0 0 0 0 0 0 3 0 0 0 0 3 0 0 0 1 0 0 -3 0 0 -3 0 0 0 0 1 1 0 0 0 0 -3 0 -3 0 0 0 1 0 0 0 1 0 0 0 0 0 0 0 0 0 0 
lovecs251
0 1 0 0 0 0 0 5 0 3 5 0 3 3 0 0 0 0 0 0 0 0 0 1 0 0 0 0 0 0 0 0 0 0 0 0 0 0 0 0 1 0 0 0 0 0 3 0 0 0 0 0 0 3 0 0 0 0 0 0 1 0 0 0 0 0 0 5 1 3 0 0 0 0 0 0 0 0 0 0 0 0 3 0 0 0 0 0 5 5 0 0 0 0 0 0 0 0 0 0 0 0 0 0 1 0 0 0 0 0 0 1 0 0 0 0 0 0 0 0 1 0 0 0 0 0 3 0 0 0 1 0 0 0 0 0 0 1 0 3 0 0 0 0 0 0 0 0 0 0 0 0 0 0 3 0 0 0 
Teddy_Zaremba
3 3 0 0 0 1 3 0 0 0 5 1 1 1 0 3 0 0 0 0 1 1 1 0 3 0 0 3 0 5 0 0 -3 5 0 1 0 0 0 0 0 1 0 0 1 3 1 1 0 0 0 0 0 0 0 1 0 3 1 0 0 0 0 0 1 0 0 1 -3 0 0 1 0 0 0 3 3 0 3 0 0 -3 0 0 0 0 3 0 -3 -3 0 0 0 0 0 0 0 1 0 0 0 0 0 0 1 0 0 0 -3 0 0 0 0 0 0 0 1 0 0 0 0 0 0 1 0 0 0 0 0 0 1 0 3 0 0 0 -3 0 1 3 0 -3 1 1 5 0 5 0 0 5 0 0 1 1 0 1 -3 0 
jibreel mohamed
0 0 0 0 0 0 0 0 0 0 0 0 0 0 0 0 0 0 0 0 0 0 0 0 0 0 0 0 0 0 0 0 0 0 0 0 0 0 0 0 0 0 0 0 0 0 0 0 0 0 0 0 0 0 0 0 0 0 0 0 0 0 0 0 0 0 0 0 0 0 0 0 0 0 0 0 0 0 0 0 0 0 0 0 0 0 0 0 0 0 0 0 0 0 0 0 0 0 0 0 0 0 0 0 0 0 0 0 0 0 0 0 0 0 0 0 0 0 0 0 0 0 1 0 0 0 0 0 0 0 0 0 0 0 0 0 0 0 0 0 0 0 0 0 0 0 0 0 0 0 0 0 0 0 0 0 0 0 
cmiram2
0 0 0 0 0 0 0 0 0 0 3 0 0 0 0 0 0 0 0 0 0 0 0 0 0 0 0 0 0 1 0 0 0 0 0 0 0 0 0 0 0 0 0 0 0 0 0 0 0 0 0 0 0 0 0 0 3 0 0 0 0 0 0 0 0 0 0 0 0 0 0 0 0 0 0 0 5 0 3 0 1 0 0 0 0 0 0 0 0 0 0 0 0 0 0 0 0 0 0 0 0 0 0 0 0 0 0 0 0 0 0 0 0 -3 -3 0 0 0 0 0 0 0 0 0 0 0 0 0 0 0 0 0 0 0 0 0 0 0 0 0 0 0 0 0 0 0 0 0 0 0 0 0 0 0 0 0 0 0 
anavar38
5 -3 -3 0 0 0 5 -3 -3 0 3 3 -3 1 -5 0 0 0 0 0 0 1 0 1 0 -3 -3 3 0 1 0 0 3 1 0 0 1 0 -5 0 3 0 1 1 3 0 0 5 0 0 0 0 0 0 -5 0 5 -5 -5 -3 3 0 0 0 5 0 0 5 3 1 1 -3 0 0 0 3 0 0 5 -3 -3 0 0 0 0 1 0 0 5 3 0 0 0 0 0 0 0 0 0 0 1 0 0 0 3 0 5 1 0 0 0 0 0 0 1 0 3 0 0 0 -3 0 0 3 0 0 0 0 0 0 0 5 0 0 3 0 0 0 0 3 0 0 0 -5 -5 0 0 3 0 0 0 0 -3 -3 3 3 5 -5 
Yonas Neguse
0 1 1 5 1 1 3 5 3 1 1 3 3 1 3 1 3 5 1 3 3 1 1 3 1 3 5 3 1 3 1 3 1 1 3 1 3 3 3 1 3 1 1 3 3 1 3 5 3 1 3 1 3 1 5 1 3 5 5 5 5 3 3 3 1 1 3 5 3 5 3 3 5 3 1 1 3 5 3 1 3 5 5 3 3 1 3 5 3 3 5 5 5 1 3 1 3 5 5 3 3 5 3 3 5 5 3 5 3 1 1 3 1 1 5 1 3 5 3 5 3 3 5 3 3 5 3 5 3 5 3 3 3 5 5 3 3 5 3 5 3 3 5 5 5 5 3 5 3 5 3 3 5 5 3 3 3 5 
Colonel_Sanders
1 3 1 -3 3 5 5 -3 1 1 5 3 1 3 1 1 -3 -5 1 3 3 -3 1 5 3 -3 -3 3 1 1 1 -3 1 1 0 1 1 -3 1 0 1 1 1 3 1 1 3 1 1 1 1 1 1 1 1 1 3 1 1 1 1 -3 1 1 3 0 1 5 5 1 1 1 1 1 1 1 1 3 -3 -3 3 0 1 1 1 1 -3 3 -3 5 1 -3 5 1 1 1 1 1 1 1 3 -3 1 0 -3 0 1 1 1 1 1 1 0 0 0 0 0 0 0 0 1 0 0 -3 0 3 -3 0 0 0 0 3 0 0 1 0 -3 5 -3 3 1 0 1 -3 5 1 1 0 1 1 1 3 1 1 0 3 3 1 
kshah211
-3 -3 1 -3 1 3 0 1 1 1 1 3 1 1 1 1 1 1 1 1 1 1 1 1 1 1 1 1 1 1 -3 1 1 1 1 1 1 1 1 1 3 1 1 1 1 1 1 1 1 1 1 1 1 1 1 1 1 1 1 1 1 1 1 1 1 1 1 1 1 1 1 1 1 1 1 1 1 1 1 1 1 1 1 1 1 1 1 1 1 1 3 3 1 3 1 1 1 1 1 1 1 1 1 1 1 1 1 1 1 1 1 1 1 1 1 1 1 1 1 1 3 1 1 5 1 1 1 1 1 0 0 1 1 1 1 1 1 1 1 1 1 1 1 1 1 1 1 1 1 1 1 1 1 1 1 1 1 1 
jas_n
0 1 0 0 0 1 0 1 0 1 0 1 0 1 0 0 0 0 0 0 0 1 0 -5 1 0 0 -5 0 -3 1 0 0 0 5 0 -5 0 0 -3 1 0 1 0 0 0 0 5 0 0 0 0 0 0 0 0 1 0 0 0 -3 1 1 0 3 0 0 0 1 -5 0 0 0 3 -3 0 0 0 0 0 0 0 0 0 0 0 0 0 -5 0 0 0 0 0 0 0 -5 0 0 0 -5 5 3 0 1 0 1 0 0 1 0 0 0 1 0 0 -5 0 5 0 0 0 0 1 0 0 0 0 1 0 0 0 0 0 0 0 0 0 0 1 0 0 0 0 0 0 0 0 0 0 0 0 0 0 0 0 0 3 
teusz07
0 0 0 0 1 1 1 0 0 1 5 5 1 5 0 1 1 0 0 3 3 0 1 5 1 1 1 1 1 0 0 0 0 1 3 3 3 0 0 3 3 0 1 1 1 3 3 0 1 0 0 0 0 0 1 1 3 1 0 0 0 0 0 1 3 0 0 3 1 3 0 1 0 1 0 0 5 1 1 0 5 1 1 5 1 0 0 0 1 -3 0 0 1 0 0 0 0 0 0 0 3 0 0 0 1 0 0 0 1 3 0 3 0 1 1 0 0 0 0 1 1 0 1 5 0 3 0 -3 1 0 3 3 3 0 1 0 0 0 0 5 0 0 0 0 1 1 5 3 0 0 0 0 3 1 1 3 0 0 
joe117
3 3 0 0 0 3 5 0 0 1 3 0 0 0 1 3 0 3 0 0 0 0 0 0 0 0 0 3 0 1 0 0 5 3 1 0 0 0 0 0 1 -3 3 0 5 0 -3 0 3 3 0 1 -3 1 -3 0 3 3 -3 0 3 -3 3 3 3 1 -3 3 1 0 1 -3 3 -3 5 5 5 1 5 0 1 1 3 3 0 -3 3 3 1 -3 0 0 0 3 -3 0 3 1 0 0 0 0 0 0 1 0 0 0 3 3 -3 0 0 5 5 -3 3 1 3 1 -5 0 -3 -5 1 -3 -3 0 0 3 -3 3 3 5 3 3 1 1 -3 1 3 5 3 1 3 3 3 3 3 3 1 1 1 -3 0 1 5 3 
Esho
0 1 0 0 0 3 3 0 0 0 0 1 0 0 0 0 0 0 0 0 0 0 0 3 0 0 0 0 0 1 0 0 3 0 0 0 3 0 0 3 3 0 0 1 0 0 1 0 3 3 0 0 0 0 0 0 0 0 0 0 0 0 0 0 0 0 0 1 1 0 0 0 0 0 0 0 1 0 0 0 0 0 0 0 0 0 0 0 3 0 0 0 0 0 0 0 3 0 0 0 0 0 0 0 1 0 0 0 0 0 0 1 0 0 0 0 1 0 0 0 0 5 0 0 0 0 1 0 0 0 0 0 0 3 5 0 0 0 0 0 0 0 0 0 0 0 0 0 0 0 0 0 0 0 0 0 3 0 
alianna2
1 5 5 0 0 3 0 1 0 0 0 0 1 3 0 0 0 0 0 0 0 3 0 3 0 0 0 0 0 5 5 0 0 0 0 1 1 0 0 0 3 5 0 0 0 0 0 0 0 0 0 0 0 0 0 0 3 0 0 0 3 0 0 0 0 0 0 5 1 0 0 0 0 0 0 0 0 0 3 0 0 0 0 0 0 0 0 0 5 1 0 0 0 0 0 1 3 0 0 0 3 0 0 0 1 0 0 0 3 0 0 5 0 5 5 0 1 0 0 0 0 0 0 3 0 3 1 0 0 0 3 3 0 0 5 0 0 5 0 3 0 0 0 0 0 0 0 3 0 0 0 0 0 0 1 0 5 0 
asanro3
3 1 0 0 0 0 5 1 0 0 0 -3 0 0 0 1 0 0 0 0 0 0 1 1 0 0 0 0 0 0 0 0 0 0 0 -3 -3 0 0 1 0 1 0 0 1 0 -3 0 1 0 0 0 0 0 1 0 1 1 1 0 3 0 0 0 3 0 0 -3 -3 0 0 0 0 0 1 3 0 0 0 0 0 0 1 0 0 3 0 0 1 -3 0 0 1 0 0 0 1 0 0 0 0 0 0 0 -3 0 0 1 0 0 0 0 0 0 0 0 0 0 3 0 -3 1 1 3 0 0 0 0 0 0 -3 0 0 3 0 0 0 0 0 0 0 0 0 0 0 0 0 0 0 0 0 0 0 0 0 0 0 0 
non_fiction_odicho
0 0 0 0 0 0 0 0 0 0 0 0 0 0 0 0 0 0 0 1 0 0 0 0 0 0 0 0 0 0 0 0 0 0 0 0 0 0 0 0 0 0 0 0 0 0 0 0 0 0 0 0 0 0 0 0 1 0 0 0 0 0 0 0 0 0 0 0 0 0 0 0 0 0 0 0 0 0 0 0 0 0 0 0 0 0 0 0 0 0 0 0 0 0 0 0 0 0 0 0 0 0 0 0 -3 0 0 0 0 0 0 0 0 0 0 0 0 0 0 0 0 0 0 0 0 0 0 0 0 0 0 0 0 0 0 0 0 0 0 0 0 0 0 0 0 0 0 0 0 0 0 0 0 0 0 0 0 0 
itsme_hisham
1 3 3 0 0 0 0 0 0 0 1 0 0 1 0 0 0 1 0 0 0 1 0 3 0 0 0 0 0 0 0 0 0 0 0 3 0 0 0 0 0 0 0 0 5 0 0 0 0 0 0 0 0 0 0 0 0 0 1 0 0 0 0 0 0 0 0 3 5 0 0 0 0 0 0 5 0 0 0 0 0 0 0 0 0 0 0 0 1 3 0 0 1 1 1 1 0 0 0 0 0 0 0 0 0 0 0 0 0 0 0 0 0 5 5 0 0 0 0 0 0 0 1 0 0 0 0 0 0 0 1 0 0 0 0 0 0 5 0 0 0 0 0 0 0 0 0 1 0 0 0 0 0 0 3 0 0 0 
jishma2
1 1 -5 0 0 5 3 0 0 -3 1 3 0 5 0 1 0 -5 0 0 0 1 0 1 0 -5 0 0 0 -3 0 0 1 0 0 3 1 0 0 3 -3 -5 -3 0 1 0 0 1 1 0 0 0 0 0 0 0 5 0 0 0 5 0 0 0 0 0 0 1 0 0 0 0 0 0 0 0 0 0 0 0 0 0 3 0 0 0 -5 0 3 0 0 0 0 1 0 -5 -3 0 0 0 1 0 0 0 -3 0 0 0 0 0 0 1 0 3 3 0 -5 0 0 0 -3 1 1 0 0 0 0 0 1 0 3 0 0 1 1 0 0 3 0 0 0 1 1 3 0 0 1 1 0 0 0 0 0 1 0 0 0 0 
ashqueen
0 1 1 0 0 0 0 5 3 0 0 0 0 3 0 0 0 0 0 0 0 0 0 3 0 3 0 0 0 0 0 0 0 0 0 0 0 0 0 0 0 0 0 0 0 0 5 0 0 0 0 0 0 0 0 0 0 0 0 0 5 0 0 0 0 0 0 0 1 0 0 0 0 3 0 5 0 0 0 0 0 0 0 0 0 0 0 0 0 3 0 0 0 0 0 0 0 0 0 0 0 0 0 0 5 0 0 0 0 0 0 3 0 0 0 0 0 0 0 0 5 0 0 0 0 0 0 0 0 0 5 3 0 0 0 0 0 0 0 3 0 0 0 0 0 0 0 5 0 0 0 0 0 0 5 0 0 0 
SpeedyGonzalez
-3 -3 -3 -3 -3 3 0 1 0 0 5 1 0 0 0 0 0 0 0 0 0 1 0 3 0 0 0 0 0 0 0 0 0 0 0 0 0 0 0 0 1 0 0 0 0 0 3 0 0 0 0 0 0 0 0 0 1 0 0 0 0 0 0 0 5 0 0 3 1 5 0 0 0 0 0 0 0 0 0 0 0 0 0 0 0 0 0 0 3 3 0 0 0 0 0 0 0 0 0 0 3 0 0 0 3 0 0 0 0 0 0 0 0 0 0 0 0 0 0 0 -3 0 0 1 0 0 0 0 0 0 0 1 0 0 0 0 0 1 0 0 0 0 0 0 0 0 0 3 0 0 0 0 0 0 0 0 0 0 
Azeem
5 5 5 0 0 0 0 5 1 5 0 5 5 5 0 0 0 0 0 0 0 5 0 0 0 0 0 0 0 5 3 0 0 0 0 3 0 0 0 0 5 0 0 0 3 0 5 0 0 0 0 0 0 0 3 0 3 3 0 0 0 0 0 0 5 0 0 5 5 5 0 0 0 5 0 5 5 0 0 0 0 0 3 0 0 0 0 0 5 3 0 0 1 3 0 0 0 0 0 0 0 0 0 0 5 0 5 0 0 0 0 5 1 0 3 0 1 5 0 0 5 0 3 5 0 3 3 0 0 0 5 5 3 3 3 0 0 5 0 5 0 0 0 3 0 0 5 5 0 0 0 0 0 0 5 0 3 0 
Medo Hassan
1 1 0 1 0 3 0 -3 0 0 5 1 -3 1 0 1 -5 5 -3 -3 -5 1 0 3 0 1 0 0 0 5 3 -3 5 0 0 1 5 0 0 0 5 0 3 0 3 0 3 0 5 5 5 0 0 -3 -3 -3 5 5 0 0 5 -3 0 0 5 0 0 5 3 1 0 0 1 3 0 0 5 0 1 0 0 0 1 0 0 1 0 0 3 3 0 0 3 0 0 0 0 1 0 3 3 0 0 -3 3 0 1 0 1 0 1 1 3 5 5 0 0 1 0 -3 -3 0 1 5 0 3 -3 0 1 0 3 5 -3 0 1 0 1 0 0 3 -3 1 0 0 3 1 1 0 1 0 0 1 0 0 1 0 3 1 
aescutia21
3 3 0 0 0 3 3 0 0 0 3 3 0 5 0 5 0 5 0 0 0 5 0 5 5 3 0 0 0 5 0 0 5 0 0 5 5 0 0 5 3 0 0 3 5 0 5 0 5 5 0 0 0 0 0 0 5 0 0 3 3 0 0 0 0 0 0 3 3 3 0 0 3 0 5 5 5 0 3 3 0 0 3 0 0 0 0 0 5 3 0 0 3 0 0 0 5 0 5 0 5 0 0 0 3 0 0 0 3 0 0 5 0 5 5 0 3 0 0 0 -3 3 3 5 0 3 1 0 0 5 5 1 0 5 5 1 0 3 0 3 0 0 3 0 0 0 5 3 0 0 0 0 0 0 1 0 5 0 
hahmed999
0 1 0 0 0 3 0 3 0 0 5 0 0 0 0 0 0 0 0 0 0 0 0 3 0 0 0 0 0 0 0 0 0 0 0 5 0 0 0 0 0 0 0 0 0 0 5 0 0 0 0 0 0 0 0 0 3 0 0 0 5 0 0 0 0 0 0 5 3 0 0 0 0 0 0 0 0 0 0 0 1 0 0 0 0 0 0 0 0 0 0 0 0 0 0 0 0 0 0 0 1 0 0 0 5 0 0 0 3 0 0 0 0 0 0 0 0 0 0 0 5 0 0 3 0 0 0 0 0 0 5 0 0 0 0 0 0 0 0 0 0 0 0 0 0 0 0 3 0 0 0 0 0 0 3 0 0 0 
kchyc2
3 -3 0 0 0 5 1 0 0 0 1 0 0 0 0 0 0 0 0 0 0 0 0 0 0 3 0 0 0 1 0 0 5 0 0 0 0 0 0 0 1 0 0 0 3 0 0 0 0 0 0 0 0 0 0 0 0 1 0 1 3 0 0 0 3 0 0 3 1 0 0 0 0 0 0 3 3 0 3 0 3 0 0 0 0 0 0 0 5 0 0 0 0 0 0 0 0 0 0 0 0 0 0 0 1 0 0 0 3 0 0 0 0 3 5 0 0 0 0 0 -3 0 0 0 0 0 0 0 5 0 0 0 0 0 0 0 0 0 0 0 0 0 0 0 1 0 3 0 0 0 0 0 0 3 0 0 3 0 
mnchew2
0 -3 0 0 0 0 0 0 0 0 0 1 0 5 0 0 0 0 0 0 0 0 0 3 0 0 0 0 0 0 0 0 0 0 0 1 0 0 0 0 0 0 0 0 0 0 0 0 0 0 0 0 0 0 0 0 0 0 0 0 0 0 0 0 0 0 0 1 0 0 0 0 0 0 0 0 0 0 0 0 0 0 0 0 0 0 0 0 0 -3 0 0 0 0 0 0 0 0 0 0 0 0 0 0 0 0 0 0 1 0 0 3 0 0 0 0 0 0 0 0 0 0 0 0 0 0 0 0 0 0 0 0 0 0 0 0 0 0 0 0 0 0 0 0 0 0 0 0 0 0 0 0 0 0 -3 0 0 0 
sana.abbasi
3 3 1 0 0 -3 0 -3 1 1 1 0 3 1 0 0 0 0 0 0 3 3 0 5 0 0 0 1 0 0 5 0 0 0 0 0 5 0 5 5 5 0 0 1 1 0 1 0 1 0 0 0 0 0 1 0 0 1 1 0 5 0 0 0 0 0 0 5 5 5 0 -3 1 1 3 1 1 0 0 0 0 0 0 0 0 0 0 0 3 5 0 0 1 0 0 0 1 0 0 0 5 0 0 0 5 0 0 0 5 0 0 5 0 0 0 0 5 0 0 0 5 0 0 5 0 0 5 0 5 5 0 5 0 0 5 0 0 5 0 5 0 1 0 0 0 0 3 5 0 0 0 0 0 -3 5 5 5 0 
VER
0 3 3 0 0 1 0 1 0 5 0 0 1 1 0 1 3 0 0 0 0 0 1 0 0 3 0 0 0 3 0 5 5 0 0 0 0 0 0 0 0 0 0 0 0 0 0 0 0 0 0 0 0 0 3 0 0 0 3 0 0 0 0 0 0 0 0 0 0 0 0 0 0 0 0 1 3 3 0 0 0 0 0 0 3 0 3 0 0 -3 0 0 1 0 0 0 0 0 0 0 -3 -3 -3 0 0 0 0 0 0 0 0 0 0 0 0 0 0 0 0 0 0 0 1 0 0 0 0 0 0 0 0 -3 0 0 -3 0 3 -5 0 0 0 0 0 3 0 0 0 0 0 0 0 -3 -3 -3 -5 -5 1 -5 
Liza_rd
1 5 0 0 5 5 0 0 0 0 5 1 1 1 0 0 0 0 0 0 0 0 0 0 5 0 0 0 0 3 0 0 3 0 0 1 0 0 0 0 0 0 0 0 0 0 0 0 0 0 0 0 0 0 0 0 5 0 0 0 0 0 0 0 0 0 0 0 5 0 0 0 0 0 0 0 5 0 0 0 0 0 3 0 0 0 0 0 3 0 3 0 0 0 0 0 0 0 0 0 0 0 0 0 0 0 0 0 0 0 0 3 0 5 5 0 0 0 0 3 0 0 0 0 0 0 0 0 0 0 0 0 0 3 5 0 0 5 0 1 0 5 0 0 0 0 5 1 0 0 0 0 0 0 0 3 5 0 
htan21
3 3 0 0 0 3 1 0 0 0 5 1 0 3 0 0 0 0 0 0 3 0 0 5 0 0 0 3 0 5 0 0 5 0 0 3 3 0 0 3 0 0 5 5 5 5 5 3 0 0 0 0 0 0 0 0 3 0 0 0 5 0 0 0 5 0 0 3 1 0 0 0 0 0 0 5 0 0 3 0 1 1 0 0 0 0 0 0 3 3 0 0 0 0 0 0 3 0 0 0 1 0 0 0 1 0 0 0 1 0 0 1 0 1 1 0 3 0 0 0 1 0 0 5 0 0 0 0 5 0 3 5 1 0 3 0 0 1 0 0 0 1 3 3 0 0 0 3 5 0 0 0 0 1 1 0 3 1 
shoma2
0 0 0 0 0 0 0 0 0 0 0 3 0 3 0 0 0 0 0 0 0 0 0 3 0 0 0 0 0 -5 0 0 3 5 0 3 3 0 0 0 0 0 0 3 0 0 3 0 0 0 0 0 0 0 0 0 0 0 0 0 3 0 0 0 0 0 0 5 0 0 0 0 0 0 0 0 0 0 0 0 0 0 0 0 0 0 0 0 3 0 0 0 0 0 0 0 0 0 0 0 3 0 0 0 -5 0 0 0 0 3 0 3 0 -3 5 0 0 0 0 0 0 0 0 5 0 0 0 0 0 0 3 3 0 0 0 0 0 -3 0 5 0 3 0 0 0 0 0 3 0 0 0 0 0 0 0 0 0 0 
pmccar5
3 3 1 0 1 1 5 0 0 0 1 0 0 1 0 5 0 5 0 0 0 1 0 1 0 0 0 0 0 0 0 0 3 0 0 1 3 0 0 3 1 0 1 0 0 0 0 3 0 5 0 0 0 0 0 0 3 5 0 0 1 0 0 0 3 0 0 1 1 0 0 0 0 0 0 0 3 0 0 0 0 3 1 0 0 0 0 0 3 0 0 0 0 0 0 0 0 0 0 0 3 0 0 1 1 0 0 1 1 0 0 1 0 3 3 0 0 0 0 0 0 0 0 5 0 0 0 0 3 0 0 0 0 5 3 0 0 0 0 1 0 5 0 0 0 0 3 0 0 0 0 0 0 1 1 1 1 0 
srahma41
0 3 0 0 0 0 0 0 0 0 0 5 0 5 0 0 0 0 0 0 0 0 0 3 0 0 0 0 0 0 0 0 0 0 0 -3 5 0 0 0 5 0 0 0 0 0 0 0 0 0 -3 0 0 0 0 0 0 0 0 0 5 0 0 0 0 0 0 0 3 3 0 0 0 -3 0 0 0 0 0 0 3 0 0 0 0 0 0 0 0 5 0 0 3 0 0 0 0 0 0 0 5 0 0 0 5 0 0 0 0 0 0 5 0 0 0 0 0 0 0 0 5 0 3 5 0 3 3 0 0 0 0 0 0 0 0 0 0 5 0 5 0 0 0 0 0 0 0 0 0 0 0 0 0 0 5 0 0 0 
cflood4
1 -3 0 0 0 3 5 -3 0 0 3 0 0 0 0 0 0 0 0 0 0 0 0 3 0 0 0 0 0 0 0 0 5 0 -3 0 3 0 0 0 0 0 0 1 0 0 -3 0 0 0 0 0 0 0 0 0 0 0 0 0 0 0 0 0 0 0 0 3 -3 0 0 0 0 0 0 3 0 0 0 0 0 0 0 0 0 0 0 0 5 0 0 0 0 0 0 0 0 0 0 0 0 0 0 0 -3 0 0 0 0 0 0 0 0 0 0 0 0 0 0 0 0 0 0 0 0 0 3 0 0 1 0 -5 0 0 0 0 0 0 0 3 0 0 0 0 0 0 0 5 0 5 0 0 0 3 1 5 0 0 
Barty
0 0 0 0 0 0 0 0 0 0 0 0 0 0 0 0 0 0 0 0 0 0 0 0 0 0 0 0 0 0 0 0 0 0 0 0 0 0 0 0 0 0 0 0 0 0 0 0 0 0 0 0 0 0 0 0 0 0 0 0 0 0 0 0 0 0 0 0 0 0 0 0 0 0 0 0 0 0 0 0 0 0 0 0 0 0 0 0 0 0 0 0 0 0 0 0 0 0 0 0 0 0 0 0 1 0 0 0 0 0 0 0 0 0 0 0 0 0 0 0 -5 0 0 3 0 0 1 0 0 0 0 1 0 0 0 0 0 -3 0 -3 0 0 0 0 0 0 0 0 0 0 1 0 0 0 0 0 0 0 
msales3
0 5 0 1 0 5 0 3 5 0 5 5 5 5 0 0 0 5 0 0 0 0 0 1 0 0 0 0 0 5 0 0 5 0 0 3 5 0 0 5 5 0 1 5 0 0 0 0 3 5 0 0 0 0 0 0 3 0 0 0 5 0 0 0 3 0 0 3 5 5 0 0 3 1 5 0 5 0 0 0 5 0 3 3 0 0 0 0 5 5 1 1 3 0 0 5 5 0 0 0 0 0 0 0 5 0 0 0 5 0 0 5 0 5 5 0 5 0 0 3 5 1 5 1 0 0 5 0 5 5 0 0 0 0 5 0 0 5 0 5 0 0 3 0 1 0 5 5 0 0 0 0 0 0 5 0 0 0 
amoran9
1 -3 0 0 5 0 1 -3 1 0 0 1 -3 1 0 0 0 0 0 0 0 -3 0 -3 -3 -3 0 1 0 1 0 0 0 0 0 5 1 0 0 0 -3 0 0 0 1 0 5 0 0 0 0 0 0 0 -3 0 1 1 0 0 -3 -3 0 0 0 0 0 0 -3 -3 -3 0 0 0 3 1 0 0 0 0 1 0 0 0 0 0 0 0 3 -3 -3 0 -3 0 0 0 1 0 0 0 0 0 0 0 -3 0 3 5 0 0 0 1 -3 -3 0 0 1 1 0 5 1 0 1 1 0 3 1 0 0 3 5 3 0 0 0 0 0 3 0 1 0 0 3 1 0 0 3 -3 -3 0 0 0 0 1 -3 1 3 0 
BrandonNoyes
0 0 0 0 0 0 0 0 0 0 0 0 0 0 0 0 0 0 0 0 0 0 0 0 0 0 0 0 0 0 0 0 0 0 0 0 0 0 0 0 0 0 0 0 0 0 0 0 0 0 0 0 0 0 0 0 0 0 0 0 0 0 0 0 0 0 0 0 0 0 0 0 0 0 0 0 0 0 0 0 0 0 0 0 0 0 0 0 0 0 0 0 0 0 0 0 0 0 0 0 0 0 0 0 0 0 0 0 0 0 0 0 0 0 0 0 0 0 0 0 0 0 0 0 0 0 0 0 0 0 0 0 0 0 0 0 0 0 0 0 0 0 0 0 0 0 0 0 0 0 0 0 0 0 0 0 0 0 
oherna25
5 -5 5 0 0 5 0 5 -5 -5 5 0 0 5 0 0 0 0 0 0 5 0 0 5 5 5 0 5 0 5 0 0 0 5 0 5 5 0 0 5 0 5 5 5 5 0 5 0 0 0 0 0 0 0 0 0 5 5 5 0 5 0 0 0 5 0 0 5 5 0 0 5 0 0 0 5 0 0 5 5 0 5 0 0 0 0 0 0 5 -5 0 0 5 5 0 0 0 5 0 0 5 0 0 0 -5 0 0 0 0 5 0 0 0 5 5 0 -5 0 0 0 -5 0 0 5 0 0 -5 0 0 0 5 0 0 0 0 0 0 0 0 5 5 0 5 5 0 0 5 -3 0 0 0 0 0 5 -5 5 5 0 
tkaczyk3
0 1 1 0 0 1 0 3 0 0 0 1 0 1 0 0 0 0 0 0 0 0 0 0 0 0 1 0 0 0 0 0 0 0 0 1 3 0 0 0 1 0 0 0 0 0 1 0 0 0 0 0 0 0 0 0 5 0 0 0 0 0 0 0 3 0 0 5 1 3 0 0 0 0 0 3 3 0 0 0 0 0 0 0 0 0 0 0 3 1 0 0 0 0 0 0 0 0 0 0 1 0 0 0 5 0 0 0 0 0 0 1 0 5 5 0 0 0 0 0 1 0 1 5 0 1 0 0 0 0 0 0 0 0 0 0 0 3 0 0 0 0 0 0 0 0 0 0 0 0 0 0 0 0 0 0 3 0 
Akash
0 3 1 0 0 1 3 3 1 0 0 0 3 3 0 3 1 3 1 3 3 0 0 1 3 3 1 0 3 1 1 0 0 1 3 3 1 1 3 1 1 0 3 1 3 0 0 1 0 1 1 0 0 0 3 1 1 0 3 0 0 3 1 0 1 0 0 1 3 3 0 0 0 5 0 3 5 0 0 0 1 3 3 1 0 1 0 0 1 5 1 0 5 0 0 0 0 0 0 0 0 0 0 0 5 0 0 3 1 0 0 3 3 0 0 0 3 0 0 0 3 0 0 1 0 3 5 0 0 0 3 5 0 3 0 1 0 3 0 5 0 0 0 3 0 0 3 0 0 0 0 0 0 3 3 0 0 1 
Hina
0 0 3 0 0 3 0 0 0 3 0 0 0 0 0 0 0 3 0 0 3 0 0 -3 0 1 0 3 0 0 0 0 0 0 0 0 0 0 3 0 0 0 3 0 -3 0 0 0 0 3 0 0 0 0 0 0 0 0 0 1 0 0 3 0 0 0 0 0 0 -3 0 0 0 3 0 0 0 3 0 0 0 0 0 0 0 0 0 0 0 3 0 0 0 0 0 0 0 0 0 0 0 0 0 0 0 0 0 0 0 0 0 0 0 -3 -3 0 0 0 0 0 3 0 0 0 0 0 0 0 0 0 0 3 0 0 0 0 0 1 0 3 0 0 0 3 0 0 0 0 0 0 0 0 0 0 3 3 0 3 
jgallo6
1 1 1 0 0 3 5 0 0 1 1 1 1 1 0 0 0 0 0 0 0 3 1 3 0 0 0 0 0 -3 1 0 5 0 0 0 1 0 0 0 1 0 1 0 1 0 0 0 0 0 0 0 1 0 0 0 5 1 0 0 3 0 0 0 5 0 0 3 1 1 0 0 0 1 3 1 0 0 1 0 0 0 0 0 0 1 0 0 5 1 0 0 1 0 0 0 3 0 0 0 3 0 0 0 3 0 0 0 0 0 0 0 1 1 0 0 -3 0 0 0 0 0 0 1 0 0 1 0 0 0 0 5 0 0 3 0 0 1 0 5 0 0 0 3 1 0 0 0 3 0 0 0 0 0 3 3 1 0 
Triquan16.01
0 0 0 0 0 0 0 0 0 0 0 0 0 0 0 0 0 0 0 0 0 0 0 0 0 0 0 0 0 0 0 0 0 0 0 0 0 0 0 0 0 0 0 0 0 0 0 0 0 0 0 0 0 0 0 0 0 0 0 0 0 0 0 0 0 0 0 0 0 0 0 0 0 0 0 0 0 0 0 0 1 0 0 0 0 0 0 0 0 3 0 0 0 0 0 0 0 0 0 0 0 0 0 0 0 0 0 0 0 0 0 0 0 0 0 0 0 0 0 0 0 0 0 0 0 0 0 0 0 0 0 0 0 0 0 0 0 0 0 0 0 0 0 0 0 0 0 0 0 0 0 0 0 0 0 0 0 1 
BugsBunny
1 1 0 -3 -5 -3 0 3 1 0 -3 3 5 -5 -3 0 1 5 3 1 0 -3 -5 -3 0 1 0 -3 -5 -3 0 0 -3 -3 1 3 0 3 -3 0 1 -3 0 1 3 1 1 0 -3 -5 -3 -3 0 1 3 5 3 1 0 -3 -5 -3 0 3 1 0 -3 5 5 -3 -3 3 -5 3 1 0 -3 -5 -3 0 1 3 5 3 1 0 -3 -5 -3 5 0 -3 3 -5 0 -3 -3 1 5 -3 0 -3 -5 -3 3 -5 -3 0 1 3 5 1 3 1 0 -3 -5 -3 0 1 5 3 1 0 -3 -5 -3 0 1 3 5 5 3 1 0 -3 -5 -3 0 1 3 5 3 1 0 -3 -5 3 1 0 -3 -5 -3 0 5 1 0 -3 
fizz
0 0 0 0 0 3 3 0 0 0 -5 0 0 3 0 5 0 0 0 0 0 0 0 5 0 0 0 0 0 3 0 0 0 0 0 3 3 0 0 5 0 0 1 0 3 0 3 0 3 5 0 0 0 0 0 0 5 5 0 0 3 0 0 0 0 0 0 5 3 0 0 0 0 0 0 3 3 0 3 0 1 0 0 0 0 0 0 0 5 1 0 0 0 0 0 0 5 0 0 0 3 0 0 0 3 0 0 5 0 0 0 3 0 5 5 0 3 0 0 0 0 0 0 0 0 3 0 0 5 5 5 0 1 5 5 0 0 3 0 3 0 0 3 0 0 0 5 5 0 0 0 0 0 3 3 0 5 0 
armiger2
0 0 0 0 0 1 1 -3 0 0 0 -5 0 -3 0 0 0 0 0 0 -3 0 0 3 1 0 0 0 0 0 0 0 0 0 5 0 0 0 0 0 5 5 0 0 0 5 0 3 0 0 0 0 0 0 0 0 0 0 0 0 5 0 3 0 0 0 0 0 0 0 0 0 0 0 0 0 3 0 0 0 0 0 0 0 0 0 0 0 0 1 0 0 0 0 0 0 0 0 0 0 0 0 0 0 5 0 0 0 0 0 0 0 0 -5 -5 0 5 3 0 0 5 0 0 3 0 0 5 0 0 5 0 0 0 0 -5 -5 0 5 0 -5 0 0 0 0 0 0 5 -5 0 0 0 0 0 0 -5 0 -5 0 
asdfjkl;
0 1 0 0 0 1 0 0 0 0 0 0 0 0 0 0 0 0 0 0 0 0 0 0 1 0 0 0 0 0 0 0 0 0 0 0 0 0 0 0 0 0 0 0 0 0 0 0 0 0 0 0 0 0 0 0 0 0 0 0 0 0 0 0 0 0 0 -3 -3 0 0 -3 0 0 0 0 0 0 0 0 0 0 0 0 0 0 0 0 0 0 0 0 0 0 0 0 0 0 0 0 0 0 0 0 0 0 0 0 1 0 0 0 0 0 0 0 0 0 0 0 0 0 0 0 0 0 0 0 0 0 0 0 0 0 0 0 0 0 0 0 0 0 0 0 0 0 0 0 0 0 0 1 0 0 0 0 0 0 
aleenalbert
3 -3 0 0 1 5 3 -3 1 0 5 0 0 -3 0 0 0 0 0 0 0 0 0 3 0 1 0 0 0 0 1 0 5 0 0 1 3 5 1 3 0 5 5 5 0 0 1 0 0 0 0 0 0 0 1 0 1 0 0 5 3 0 3 1 1 -3 -3 -5 -5 1 0 5 -3 0 0 3 5 0 0 0 1 1 1 0 0 0 0 0 1 0 0 0 0 0 0 0 0 1 0 0 5 5 0 0 -5 0 0 0 5 0 5 0 0 -5 -5 0 0 0 0 0 -5 0 1 -3 0 5 -5 3 0 0 0 0 0 0 0 0 5 -3 0 0 0 3 3 5 3 0 5 0 0 0 0 0 0 3 -5 1 1 0 
Nightman
3 3 0 0 0 5 5 0 0 0 5 0 0 0 0 3 0 1 -3 0 -3 -3 -3 3 0 0 0 0 0 0 0 1 3 0 0 3 3 0 0 0 0 0 5 0 0 3 3 0 1 0 0 0 0 0 0 0 5 0 0 0 0 0 0 0 5 5 0 5 1 1 -3 1 0 1 1 1 3 0 5 0 3 1 3 3 0 0 0 0 -3 -3 -3 0 0 0 0 0 0 0 0 0 0 0 0 0 5 0 0 0 5 0 0 0 0 5 5 0 0 0 0 -3 -3 0 0 5 0 0 0 0 0 1 1 5 0 0 0 0 -3 -3 -3 -3 0 0 0 3 5 0 1 1 3 0 3 0 -3 -3 -3 3 3 0 
dserra22
0 0 0 0 0 5 0 0 0 0 5 0 0 0 0 0 0 0 0 0 0 0 0 0 0 0 0 0 0 0 0 0 5 0 0 0 0 0 0 0 0 0 0 0 0 0 0 0 0 0 0 0 0 0 0 0 0 0 0 0 0 0 0 0 0 0 0 5 0 3 0 0 0 0 0 0 0 0 0 0 0 0 0 0 0 0 0 0 5 -5 0 0 0 0 0 0 0 0 0 0 0 0 0 0 5 0 0 0 5 0 0 0 0 5 5 0 0 0 0 0 0 0 3 5 0 0 0 0 0 0 0 0 0 0 0 0 0 0 0 0 0 0 0 0 0 0 0 1 0 0 5 0 0 0 -5 0 5 0 
belol726
3 -3 -3 5 0 3 0 -3 0 0 5 0 0 1 0 3 0 5 0 0 0 -3 0 5 5 3 0 1 0 1 -3 0 0 0 0 0 5 0 0 0 3 0 3 3 3 0 0 0 0 3 0 0 0 0 0 0 5 3 0 0 5 0 0 0 0 0 0 5 -3 1 0 0 0 0 0 5 5 0 5 3 3 0 3 0 0 0 0 0 5 -5 0 0 0 0 0 0 0 0 0 0 3 0 0 0 5 0 0 0 3 0 0 3 0 5 5 0 3 0 0 3 0 0 0 5 0 0 -3 0 3 0 0 3 3 3 5 0 0 -5 0 3 0 5 3 0 0 0 3 3 0 0 0 0 0 3 -3 0 3 0 
FamFrank
1 3 0 0 0 1 3 1 0 0 1 1 3 1 0 0 0 0 1 0 0 1 0 0 1 0 0 0 0 5 3 0 0 0 0 0 0 0 0 0 3 0 1 1 0 0 0 0 0 0 0 0 0 0 0 0 0 0 0 0 1 0 0 0 0 1 0 3 1 3 0 0 1 0 0 0 0 0 0 0 1 0 0 0 0 0 0 0 3 1 0 0 1 1 0 0 0 0 0 0 1 0 0 0 1 0 0 0 0 0 0 0 0 0 0 0 0 0 0 0 1 0 0 0 0 0 3 0 1 1 0 3 5 0 1 0 1 5 0 5 0 0 0 0 1 0 1 5 1 0 1 0 0 1 1 0 0 0 
afries4
1 -3 0 0 0 1 0 -3 0 1 1 -5 0 0 0 0 0 0 0 0 0 -3 -3 0 0 0 0 0 0 0 0 0 0 0 1 0 5 0 0 1 3 0 -5 0 1 0 -5 0 0 0 0 0 0 0 0 0 0 0 0 0 0 3 0 0 0 0 0 1 1 1 0 -3 0 1 0 0 0 0 -5 0 -3 0 0 0 0 0 0 0 -3 -3 0 0 0 0 0 0 0 0 0 0 1 0 0 0 -5 0 0 0 -3 0 0 0 0 3 3 0 0 0 0 0 -5 0 0 0 0 0 0 0 0 0 0 1 0 0 0 0 0 3 0 5 0 0 0 0 -5 0 0 1 0 0 -3 0 0 0 -5 0 0 0 
gricoj2
0 1 0 0 0 0 1 3 0 0 1 0 1 0 0 0 0 0 0 0 0 1 0 0 0 0 0 1 0 3 0 0 0 0 0 1 0 0 0 1 0 0 0 0 3 0 0 1 0 0 0 0 0 0 0 0 1 0 0 0 3 0 0 0 0 0 0 1 3 1 0 0 0 0 0 0 1 0 3 0 1 0 0 0 0 0 0 0 1 1 0 0 0 0 0 0 0 0 0 0 0 0 0 0 3 0 0 0 1 0 0 0 0 1 1 0 1 0 0 0 0 0 0 3 0 0 1 0 0 0 0 0 0 0 0 0 1 0 0 3 0 0 0 0 0 0 0 0 0 0 0 0 0 0 3 0 0 0 
b28aguilar
3 1 0 0 0 5 0 0 0 0 5 5 0 5 0 0 0 0 0 0 0 5 0 5 0 0 0 0 0 5 0 0 3 0 3 0 3 0 0 5 5 1 3 5 0 0 1 0 0 0 0 0 0 0 0 0 1 0 0 0 3 0 0 0 0 0 0 5 1 0 0 0 0 0 0 5 0 0 0 0 3 0 0 0 0 0 1 0 5 5 0 0 5 0 0 0 5 0 0 0 5 0 0 0 5 0 1 0 1 0 0 5 0 5 5 0 3 0 0 0 5 0 0 5 0 0 5 0 3 0 3 5 0 0 5 0 0 1 0 3 0 0 3 3 0 0 5 5 0 0 3 0 0 0 5 0 5 0 
Elephant
1 1 1 1 3 1 1 3 1 1 1 3 1 5 1 1 0 0 1 1 3 1 0 3 1 1 0 3 3 1 1 0 1 1 1 1 1 3 1 1 1 3 1 3 1 1 1 1 0 0 0 1 1 1 3 1 1 1 1 1 1 3 1 1 1 1 3 1 1 1 1 1 0 1 3 3 5 5 3 1 3 1 1 1 1 1 1 1 1 5 3 1 3 1 1 1 1 1 0 1 0 1 1 1 3 1 1 1 0 1 0 3 1 3 1 1 3 1 1 0 3 0 1 1 1 3 1 1 1 0 1 1 1 1 1 1 3 1 1 1 1 5 1 3 0 3 3 5 3 3 3 1 1 3 1 1 1 0 
cmei25
0 0 0 0 0 1 0 0 0 0 5 0 0 0 0 0 0 0 0 0 0 0 0 0 0 0 0 0 0 0 0 0 0 0 0 0 0 0 0 0 1 0 0 0 0 0 0 0 0 0 0 0 0 0 0 0 0 0 0 0 0 0 0 0 0 0 0 0 -3 0 0 0 0 0 0 0 0 0 0 0 -3 0 0 0 0 0 0 0 0 -3 0 0 0 0 0 0 0 0 0 0 0 0 0 0 0 0 0 0 0 0 0 0 0 0 0 0 0 0 0 0 0 0 0 0 0 0 0 0 0 0 0 0 0 0 1 0 0 0 0 -3 0 0 0 0 0 0 0 0 0 0 0 0 0 0 0 0 0 0 
Meraj
0 1 0 0 0 5 1 1 1 1 1 3 0 5 0 3 0 0 0 0 0 0 0 3 0 0 0 0 0 5 5 0 0 0 0 1 3 0 0 0 1 0 5 3 1 0 5 0 3 0 0 0 0 0 0 0 5 1 0 0 5 0 0 0 0 0 0 5 1 5 0 0 3 0 0 0 5 0 0 0 1 0 3 0 0 0 3 0 5 3 0 0 0 0 0 3 0 0 0 0 5 3 0 0 1 0 0 0 1 3 0 1 0 5 5 0 1 0 0 0 1 0 0 0 0 0 0 0 0 0 3 3 3 5 5 0 0 0 0 5 0 0 0 0 0 0 5 5 0 0 0 0 0 0 0 0 5 0 
bananaBreadPudding57
0 3 0 0 0 3 0 0 0 0 0 1 0 1 0 0 0 0 0 0 0 1 0 1 3 0 0 0 0 -3 0 3 1 0 0 1 1 0 0 1 5 5 5 5 0 0 1 0 0 0 0 0 0 0 0 0 1 0 0 0 1 3 0 0 3 0 0 1 1 0 0 1 0 0 1 0 1 0 0 0 0 0 0 5 0 0 0 0 5 5 0 0 3 0 0 3 5 0 0 0 3 5 0 0 5 0 5 0 1 0 0 5 0 0 1 0 5 3 5 0 3 5 1 3 0 1 5 0 1 3 3 5 0 0 3 0 0 5 5 5 0 0 3 5 0 0 -5 3 0 1 0 0 0 0 5 0 0 0 
mcarno2
3 1 0 0 0 3 5 0 0 0 1 -3 -3 -3 0 0 0 0 0 5 0 0 0 0 1 0 0 1 0 0 1 0 5 0 0 1 3 0 0 1 1 3 0 0 1 0 0 3 0 0 0 0 0 0 0 0 5 0 0 0 1 0 0 3 5 0 0 1 1 1 0 1 0 0 0 5 1 0 1 0 0 3 0 0 0 3 0 3 1 0 0 0 0 0 0 0 1 1 5 0 1 0 0 0 0 0 5 3 0 0 0 0 0 5 5 0 1 0 -3 0 0 0 0 3 0 0 0 0 3 0 0 0 0 0 0 5 5 1 0 1 0 1 0 1 3 1 0 1 0 0 0 0 3 0 0 3 1 0 
NicdaoG
0 1 0 0 0 5 0 1 0 0 1 0 0 3 0 0 0 0 0 0 0 1 0 3 0 0 0 0 0 0 0 0 3 0 3 3 3 0 3 0 0 0 0 5 1 0 1 0 0 0 0 0 0 1 0 0 3 0 0 0 5 0 0 0 0 0 0 3 1 3 0 3 0 0 0 0 3 0 0 0 0 3 0 0 0 0 0 0 3 1 0 0 0 0 0 1 0 0 0 0 5 0 0 0 1 0 0 0 1 0 0 3 0 1 1 0 1 0 0 0 0 0 0 5 0 0 1 0 0 0 3 1 1 0 1 0 0 1 0 1 0 0 0 3 0 0 3 1 1 3 0 0 0 1 1 0 3 0 
nivek
0 0 1 0 0 0 1 0 0 0 0 0 0 0 0 0 0 0 0 0 0 0 0 3 0 0 0 0 0 0 0 0 0 0 0 0 3 0 0 0 0 0 0 0 0 0 0 0 0 0 0 0 0 0 0 0 0 0 0 0 0 0 0 0 0 0 0 0 0 0 0 0 0 0 0 0 0 0 0 0 0 0 0 0 0 0 0 0 0 0 0 0 0 0 0 0 0 0 0 0 0 0 0 0 0 0 0 0 3 0 0 0 0 0 0 0 0 0 0 0 0 0 0 1 0 0 0 0 0 0 0 0 0 0 0 0 0 0 0 0 0 0 0 0 0 0 0 1 0 0 0 0 0 0 0 0 0 0 
Danielle
1 5 0 0 0 5 5 3 0 0 5 1 3 3 0 5 0 0 0 0 5 5 5 5 5 5 0 3 3 5 5 0 5 5 0 5 5 5 1 5 5 5 5 3 5 0 5 5 5 5 0 0 5 5 5 5 5 5 0 5 3 5 0 3 5 0 0 5 3 5 5 5 0 0 0 5 0 0 5 5 3 5 0 5 0 0 1 0 3 1 0 0 5 0 0 -3 5 5 0 0 3 0 5 0 1 0 5 3 3 0 0 1 0 0 0 5 3 0 5 0 -3 0 5 5 0 5 -3 0 5 0 5 3 5 5 3 5 0 5 0 5 0 0 3 3 5 0 3 5 5 0 -5 5 0 3 -3 0 3 0 
vp98
1 -3 -3 0 0 0 0 0 0 0 5 1 0 1 0 1 0 0 0 0 0 0 0 -3 -3 0 0 0 0 0 0 0 0 0 0 0 0 0 0 0 1 0 3 0 0 0 1 0 0 0 0 0 0 0 0 0 0 0 0 0 1 0 0 0 0 0 0 5 0 0 0 0 0 0 0 0 0 0 0 0 1 0 0 0 0 0 0 0 5 -3 1 1 1 1 1 0 0 0 0 0 -3 1 1 1 -3 0 1 1 1 1 1 1 0 3 3 0 0 0 0 0 1 1 1 1 0 1 0 0 0 0 1 0 0 0 1 0 0 0 0 0 0 0 0 1 1 1 1 1 0 0 1 0 0 0 -3 1 0 0 
Caleb
5 1 0 0 1 5 3 1 1 0 5 3 1 3 1 0 0 0 1 1 1 1 1 3 0 0 0 1 0 1 0 0 0 1 3 1 3 1 1 5 1 1 3 3 3 3 1 0 1 0 1 0 0 1 1 1 1 3 1 3 5 1 1 1 0 1 0 5 1 3 1 3 1 1 1 1 3 0 0 0 5 1 3 0 0 1 1 1 3 1 0 0 1 0 0 3 0 0 0 0 1 0 0 0 3 0 0 0 3 0 0 3 0 0 0 0 3 0 0 1 1 0 1 3 0 1 1 1 1 0 3 3 5 3 3 0 0 1 1 5 1 0 0 3 5 1 3 1 3 1 1 0 0 1 1 3 0 0 
Kadan
3 3 0 0 0 1 3 3 3 0 5 0 0 3 0 0 0 0 0 0 0 3 0 3 0 0 0 0 0 3 0 0 0 0 3 0 1 0 0 5 5 1 3 0 0 0 3 0 0 0 0 0 0 0 0 0 5 0 0 3 -3 0 0 0 3 0 0 5 5 1 0 0 0 3 0 0 0 0 0 0 5 3 0 0 0 3 0 0 3 5 0 0 3 0 0 0 0 0 0 0 5 0 0 0 5 0 0 0 3 5 0 1 0 5 5 0 5 0 0 0 1 0 3 5 0 3 1 0 0 0 0 0 1 0 3 0 0 5 0 5 0 0 0 -3 3 0 0 5 0 3 3 0 0 0 3 3 3 0 
hchan34
0 5 3 0 0 3 0 1 0 0 0 0 0 0 0 3 0 0 0 0 0 0 0 0 0 0 0 0 0 0 0 0 3 0 0 0 0 0 0 0 0 0 3 0 5 0 0 0 0 0 0 0 0 0 0 0 0 0 0 0 0 0 0 0 0 0 0 0 0 0 0 0 0 0 0 0 0 0 3 0 0 0 0 0 0 0 0 0 5 0 0 0 0 5 0 0 0 0 0 0 0 0 0 0 0 0 0 0 0 0 0 0 0 3 3 0 0 0 0 0 0 0 0 0 0 0 0 0 0 0 0 0 0 0 0 0 0 0 0 0 0 0 0 0 0 0 0 0 0 0 0 0 0 0 0 0 0 0 
Nick R.
3 -3 -3 0 3 1 3 -3 -3 0 3 1 -3 3 0 0 0 3 0 0 0 0 0 1 0 3 0 0 0 3 0 0 1 0 0 0 3 0 0 1 -3 0 1 5 3 0 0 0 0 0 0 0 0 0 0 0 5 0 0 0 0 0 0 0 5 0 0 3 -3 0 0 -5 0 -3 0 0 3 0 0 0 1 3 0 0 0 0 0 0 1 -3 0 0 1 5 0 0 0 0 0 0 1 0 0 0 1 0 3 0 1 0 0 0 -3 5 5 0 -3 0 5 3 -5 0 5 3 0 3 -5 0 0 0 0 3 0 0 0 0 0 -5 0 -3 0 0 3 3 0 0 3 0 0 3 0 0 0 -5 -3 3 1 0 
neelu_nerella
0 3 5 0 0 0 0 0 0 0 5 0 0 0 0 0 0 0 0 0 0 1 0 0 0 0 0 0 0 0 0 0 0 0 0 0 3 0 0 5 5 0 0 3 0 0 0 0 0 0 0 0 0 0 0 0 0 0 0 0 5 0 0 0 0 0 0 3 3 0 0 0 3 0 0 0 0 0 0 0 3 0 0 0 0 0 0 0 3 5 0 0 0 0 0 0 0 0 0 0 0 0 0 0 1 0 0 0 1 0 0 1 0 0 0 0 3 0 0 0 3 0 0 0 0 0 3 0 0 5 0 0 0 0 0 0 0 3 0 3 0 0 0 0 0 0 0 3 0 0 0 0 0 0 5 0 0 0 
maprez3
0 -3 0 0 0 0 3 0 0 0 0 0 0 0 0 0 0 1 0 0 0 0 0 0 0 0 0 0 0 5 0 0 1 0 -3 0 0 0 0 0 0 0 0 0 0 0 0 0 0 0 0 0 0 0 0 0 0 0 0 0 0 0 0 0 0 0 0 5 1 0 0 0 0 0 0 1 0 0 0 0 -5 0 0 0 0 0 0 0 -5 0 0 0 -3 0 0 0 0 0 0 0 0 0 0 0 1 0 0 0 -5 0 0 0 0 0 0 0 0 0 0 0 -5 0 0 0 0 0 -3 0 0 0 0 3 0 0 0 0 0 1 0 1 0 0 0 0 0 0 0 0 0 0 0 0 0 0 0 0 -5 0 
zbekbo3
0 0 0 1 1 1 1 1 1 0 0 0 0 0 0 0 -3 -3 -3 0 -3 -3 -3 -3 0 0 0 0 0 0 0 0 0 0 0 0 0 0 0 0 0 0 0 0 0 0 0 0 0 0 0 0 0 0 0 0 0 0 0 0 0 0 0 0 3 1 1 1 1 1 1 1 1 0 0 0 0 0 0 0 1 1 1 0 0 0 0 0 0 0 0 0 1 1 1 1 1 1 1 0 0 0 0 0 0 0 0 0 0 0 0 0 0 0 0 0 0 0 0 0 0 0 0 0 0 0 0 0 0 0 0 0 0 0 0 0 0 0 0 0 0 0 0 0 0 0 0 0 0 0 0 0 0 0 0 0 0 0 
Jeffin
0 3 1 0 0 5 0 1 0 0 5 1 0 1 0 0 0 0 0 0 0 1 0 3 0 0 0 0 0 0 0 0 3 0 0 3 1 0 0 0 1 0 0 0 0 0 1 0 0 0 0 0 0 0 0 0 0 0 0 0 0 0 0 0 3 0 0 5 5 3 0 0 0 1 0 0 0 0 0 0 0 1 0 0 0 0 0 0 0 0 0 0 3 0 0 0 0 0 0 0 1 0 0 0 1 0 0 0 0 0 0 1 0 0 0 0 0 0 0 0 1 0 0 1 0 0 0 0 0 0 0 3 0 0 1 0 0 1 0 1 0 0 0 0 0 0 0 1 0 0 0 0 0 0 1 0 0 0 
Brandon Gonzalez
0 -3 -3 0 0 0 0 1 0 0 0 0 0 0 0 0 0 0 0 3 0 -3 3 3 0 0 0 0 0 0 0 0 0 0 0 1 3 0 0 0 1 0 0 0 0 0 0 0 0 0 0 0 0 0 0 0 0 0 0 0 1 0 0 0 1 0 0 0 -3 1 0 0 0 1 0 0 3 0 0 0 1 0 0 1 0 0 0 0 0 -3 -3 0 1 0 0 0 0 0 -3 -3 3 0 0 0 3 0 0 0 0 1 0 1 1 0 0 0 0 0 0 0 1 0 1 3 0 1 -3 0 -3 0 1 0 0 0 1 0 0 1 0 3 0 0 0 0 0 0 3 3 0 0 0 0 0 0 -3 3 0 0 
xmeng23
0 0 0 0 0 0 0 0 0 0 0 0 0 0 0 0 0 0 0 0 0 0 0 0 0 0 0 0 0 0 0 0 0 0 0 0 0 0 0 0 0 0 0 0 0 0 0 0 0 0 0 0 0 0 0 0 0 0 0 0 0 0 0 0 0 0 0 1 1 1 1 1 1 1 1 1 3 3 3 1 1 1 1 1 1 1 1 1 1 1 1 1 1 1 1 1 1 1 1 1 1 1 1 1 1 1 1 1 1 1 1 1 1 1 1 1 1 1 1 1 1 1 1 1 1 1 1 1 1 1 1 1 1 1 1 1 1 1 1 1 1 1 1 1 1 1 1 1 1 1 1 1 1 1 1 1 1 1 
Orly
3 0 -3 0 0 3 3 0 0 0 1 0 0 0 0 0 0 0 0 0 0 0 0 1 0 5 0 0 0 0 0 3 0 0 0 0 0 0 0 0 0 0 0 0 5 0 0 5 0 5 0 0 0 0 0 0 5 5 0 0 0 0 0 3 3 0 0 -5 -5 -5 0 -3 0 0 0 5 0 0 5 5 0 0 0 0 0 5 0 5 0 0 0 0 0 0 0 0 3 0 0 0 0 3 0 0 -3 0 3 5 0 0 0 0 0 5 5 0 0 0 0 0 0 0 0 0 0 0 0 0 5 0 0 0 0 0 3 0 3 0 3 0 0 3 0 0 0 0 3 0 0 0 0 0 3 0 0 3 0 0 
swang299
0 1 0 0 0 0 0 1 1 0 0 1 0 0 0 0 0 0 0 0 0 0 0 0 0 0 0 0 0 0 0 0 0 0 0 0 0 0 0 0 3 0 0 0 0 0 0 0 0 0 0 0 0 0 0 0 0 0 0 0 0 0 0 0 0 0 0 0 0 0 0 0 0 0 0 0 1 0 0 0 0 0 0 0 0 0 0 0 0 0 0 0 0 0 0 0 0 0 0 0 0 0 0 0 0 0 0 0 0 0 0 0 0 0 0 0 0 0 0 0 0 0 1 0 0 0 1 0 0 0 0 1 0 0 0 0 0 0 0 1 0 0 0 0 0 0 1 0 0 0 0 0 0 0 1 0 0 0 
dsheik2
1 1 0 0 0 3 3 0 0 0 5 0 0 0 0 0 0 1 0 0 0 0 0 0 0 0 1 0 0 1 0 0 1 0 0 0 0 0 0 0 0 1 0 0 3 5 0 1 0 1 0 0 0 1 0 0 3 3 0 1 1 1 0 0 0 0 0 0 1 0 0 0 0 0 0 0 5 0 3 0 1 0 0 0 0 0 0 1 3 1 0 0 0 0 0 0 0 0 0 0 0 0 0 0 0 0 0 0 0 0 0 0 0 0 0 0 0 1 0 0 0 1 0 3 0 0 0 0 0 0 0 0 0 0 0 0 0 3 1 1 0 3 0 0 0 0 1 0 0 0 0 0 0 0 0 0 0 0 
ccasim2
0 0 0 0 0 0 0 0 0 0 0 0 0 0 0 0 0 0 0 0 0 0 0 0 0 0 0 0 0 0 0 0 0 0 0 0 3 0 0 3 0 0 0 0 0 1 0 0 1 0 0 0 0 0 0 0 3 0 0 0 3 0 0 0 0 0 0 0 0 0 0 0 0 0 1 0 0 0 0 0 1 0 0 0 0 0 0 0 0 1 0 0 0 0 0 0 0 0 0 0 1 0 0 0 3 0 0 0 0 0 0 0 0 0 3 0 1 0 0 0 0 0 0 0 0 0 0 0 0 0 0 0 0 0 0 0 0 0 0 0 0 0 0 0 0 0 0 0 0 0 0 0 0 0 0 0 0 0 
David99
5 0 0 0 0 0 0 0 0 0 1 0 0 3 0 3 0 0 0 0 0 0 0 0 0 0 0 0 0 0 0 0 0 0 0 3 5 5 0 0 0 0 0 0 5 0 0 0 0 0 0 0 0 0 0 0 0 5 5 0 0 0 5 0 0 0 0 5 0 0 0 0 0 0 0 0 0 0 0 0 0 0 0 0 0 5 0 0 0 0 0 0 0 0 0 0 0 0 0 0 0 0 0 0 0 0 0 0 0 0 1 1 1 1 1 1 0 0 1 1 1 1 1 1 1 1 1 1 1 1 1 1 1 1 1 1 1 1 0 1 0 0 0 0 0 0 0 5 0 0 0 0 0 0 0 0 0 0 
asalga24
0 1 0 0 0 0 1 0 0 0 3 0 0 0 0 0 0 3 0 0 0 0 0 0 0 0 0 0 0 0 0 0 0 0 0 0 0 0 0 1 0 0 0 0 1 0 3 0 0 1 0 0 0 0 0 0 0 0 0 0 3 0 0 0 0 0 0 1 1 0 0 0 0 0 0 0 0 0 0 0 1 0 0 0 0 0 0 0 0 1 0 0 0 0 0 0 0 0 0 0 0 0 0 0 1 0 0 3 0 0 0 0 0 0 0 0 0 0 0 0 0 0 0 1 0 0 0 0 1 0 3 0 0 0 0 0 0 0 0 0 0 0 0 0 0 0 1 0 0 0 0 0 0 0 0 0 0 0 
rak3rman
5 -3 0 0 0 -3 5 1 0 0 0 5 0 5 0 0 0 0 0 0 0 0 0 0 5 5 0 -3 0 0 0 0 5 0 3 5 1 0 0 1 1 5 0 0 3 0 3 5 0 0 0 0 0 0 0 0 5 0 0 0 0 3 0 5 0 3 5 5 1 0 0 5 0 0 3 5 0 0 3 0 3 0 1 0 0 5 0 3 5 -3 0 0 0 0 0 1 1 0 0 0 1 1 0 0 1 0 0 5 1 0 0 5 0 5 5 0 0 0 5 1 1 5 1 5 0 3 0 0 0 1 5 0 0 0 0 0 0 0 0 3 0 0 5 0 5 0 0 3 0 0 3 0 5 3 0 5 5 0 
Icon21
0 0 0 0 0 0 0 3 0 0 0 0 0 0 0 0 0 0 0 0 0 3 0 3 0 0 0 0 0 0 3 0 0 0 0 0 0 0 0 0 3 0 0 0 0 0 0 0 0 0 0 0 0 0 0 0 0 0 0 0 3 0 0 0 0 0 0 3 3 5 0 0 0 3 0 0 0 0 0 0 0 0 0 0 0 0 0 0 0 3 0 0 0 0 0 0 0 0 0 0 3 0 0 0 1 0 0 0 3 3 0 0 0 3 3 0 0 0 0 0 1 0 0 3 0 0 3 0 0 0 0 3 0 0 0 0 3 0 0 3 0 0 0 0 0 0 0 3 0 0 0 0 0 0 1 0 0 0 
magic
1 1 0 0 0 3 0 5 5 5 5 5 0 5 0 0 0 0 0 0 0 0 0 0 5 5 0 3 0 0 0 0 5 0 3 3 3 0 0 5 0 0 0 0 0 5 5 5 5 5 0 0 0 0 0 0 5 0 0 0 0 0 0 0 0 0 0 0 0 0 0 0 0 0 0 0 5 0 5 0 5 0 5 0 0 0 0 0 5 5 0 0 5 0 0 5 0 0 0 0 0 0 0 0 0 0 0 0 5 0 0 0 0 0 0 0 5 0 0 0 0 0 0 5 0 0 0 0 0 0 0 5 5 5 5 0 0 0 0 0 0 0 0 0 0 0 5 0 0 0 0 0 0 0 5 0 5 0 
hnadee2
0 0 3 0 0 5 0 0 5 0 5 0 0 0 0 0 0 0 0 0 0 5 0 0 0 0 0 0 0 5 0 0 0 0 0 0 0 0 0 0 0 0 0 0 0 0 5 0 0 0 0 0 0 0 0 0 0 0 0 0 0 0 0 0 0 0 0 0 5 0 0 0 0 0 5 0 5 0 0 0 0 0 0 0 0 0 5 0 0 5 0 0 0 0 0 0 0 0 0 0 0 0 0 0 0 0 0 0 0 0 0 0 0 0 0 0 0 0 0 0 0 0 0 0 0 0 0 0 0 0 5 0 0 0 0 0 0 0 0 5 0 0 0 0 0 0 5 0 0 0 0 0 0 0 5 0 0 0 
DankOranges34
5 -5 -5 0 0 3 1 0 0 0 3 3 0 5 0 0 0 0 0 0 5 -3 1 1 0 0 5 3 0 -5 -5 5 3 3 5 3 0 0 5 0 0 5 5 5 5 0 0 3 -3 0 0 0 0 0 5 0 3 3 5 1 3 5 3 5 0 0 0 -5 3 -3 0 5 5 0 0 5 0 0 5 3 5 -3 0 0 0 5 -5 0 3 -5 0 0 0 0 0 5 0 1 1 -3 0 5 0 0 -5 0 -5 0 5 0 3 3 0 3 3 0 0 3 -3 0 -5 0 0 1 0 0 -5 0 -5 0 3 0 3 0 0 0 3 -5 0 0 0 5 0 5 0 0 0 -5 3 0 0 0 0 5 -5 5 3 0 
kamihada
0 5 3 5 3 5 0 5 3 0 1 -3 0 0 0 0 0 3 0 0 0 -5 0 -5 0 0 5 1 0 5 0 0 0 0 0 1 0 0 0 3 -3 3 0 0 3 0 1 0 0 0 0 0 0 0 0 0 0 3 0 0 -3 0 0 0 0 0 0 -3 5 -5 0 0 0 1 3 3 5 0 0 0 -3 0 3 0 0 0 0 0 0 5 0 0 0 0 0 0 3 0 0 0 -3 0 0 0 -3 0 0 1 -3 0 0 0 0 0 0 0 5 5 0 0 -3 0 0 3 0 3 1 0 0 5 0 0 0 0 1 0 0 5 0 0 0 5 0 0 0 0 3 -3 0 0 0 0 0 0 5 1 0 0 
jgarc241
0 5 0 0 0 0 5 5 0 0 0 0 0 5 0 0 0 0 0 0 0 5 0 5 0 0 0 0 0 5 5 0 0 0 0 0 5 0 0 5 5 0 0 5 0 0 5 0 0 0 0 0 0 0 5 0 0 0 0 0 5 0 0 0 0 0 0 5 5 5 0 0 0 0 0 0 5 0 0 0 0 0 0 5 0 0 0 0 5 5 0 0 0 0 0 0 0 0 0 0 5 0 0 0 5 0 0 0 0 0 0 5 0 0 0 0 0 0 0 0 5 0 0 5 0 0 5 0 0 0 5 5 0 0 0 0 0 5 0 5 0 0 0 0 0 0 0 5 0 0 0 0 0 0 5 0 0 0 
mcowl
0 5 5 0 0 1 5 1 5 0 5 5 5 5 0 0 0 0 0 0 0 5 1 5 0 5 0 0 3 3 5 0 0 5 0 5 5 0 3 5 3 5 3 5 0 0 3 0 0 0 0 0 0 0 0 0 0 0 0 0 5 0 5 0 3 0 0 5 5 5 0 0 1 0 1 0 3 0 0 3 0 0 3 5 0 0 5 0 1 0 0 0 0 0 0 3 3 0 0 0 3 0 0 0 3 0 5 0 0 0 0 5 0 5 5 0 5 5 0 0 5 0 1 3 0 0 5 0 0 5 3 5 0 5 5 0 0 5 0 5 0 0 5 0 0 0 3 5 3 0 3 0 0 0 5 0 0 0 
mikeli
3 1 -3 0 1 1 3 1 0 0 3 0 0 0 0 0 0 0 0 0 0 1 0 0 3 3 0 3 0 5 3 0 3 0 1 1 0 1 0 0 3 3 3 0 5 1 1 0 3 0 0 0 0 0 0 0 0 3 0 0 3 0 3 0 0 0 0 3 1 1 0 3 3 0 0 5 3 0 5 1 3 0 0 0 0 0 0 0 0 0 0 0 0 0 0 1 0 0 0 0 1 0 0 0 1 0 1 0 0 0 0 0 0 5 5 0 0 5 0 3 1 0 0 3 0 0 0 0 0 0 3 3 3 0 0 0 3 3 0 3 3 0 3 0 3 0 0 0 3 0 3 0 0 5 0 5 5 5 
kheath3
3 3 0 0 1 1 1 3 0 0 5 0 1 -3 0 0 0 0 3 0 0 -3 1 -3 1 0 1 1 3 1 1 1 3 -3 3 3 3 0 1 -3 -3 3 3 3 0 0 0 3 3 0 1 3 3 1 -3 -3 3 3 1 0 1 0 3 0 3 0 3 1 3 0 1 3 -3 3 0 3 3 0 0 0 1 0 -3 1 0 3 -3 1 3 3 0 0 3 0 0 0 3 0 0 0 3 3 0 0 -3 0 1 0 1 0 0 0 0 3 3 0 -3 0 0 0 0 0 0 0 0 0 0 0 1 1 3 5 3 1 1 0 0 3 0 1 0 3 -3 -3 -3 0 1 1 1 3 0 3 3 3 3 3 1 3 
Frog
3 5 0 0 0 5 3 5 0 0 5 5 -5 3 0 0 0 0 0 5 0 3 0 5 0 0 0 3 0 5 0 0 5 0 0 3 1 0 0 3 5 5 5 3 0 0 3 5 0 0 3 0 0 0 3 0 5 0 0 3 5 0 3 0 5 0 0 5 5 3 0 5 0 3 0 5 5 0 5 0 5 5 0 0 0 0 0 0 5 5 0 0 1 0 0 0 0 5 5 0 3 0 0 0 5 0 0 0 5 0 0 1 0 5 5 0 5 0 0 0 0 0 1 5 0 3 3 3 5 5 3 5 5 0 5 0 0 5 5 5 0 0 0 3 3 0 0 0 0 0 0 0 0 1 3 1 1 1 
kpate391
0 0 0 0 0 1 0 0 0 0 0 0 0 0 0 0 0 0 0 0 0 0 0 0 0 0 0 0 0 0 0 0 0 0 0 0 0 0 0 0 0 0 0 0 0 0 0 0 0 0 0 0 0 0 0 0 0 0 0 0 0 0 0 0 0 0 0 0 0 0 0 0 0 0 0 0 0 0 0 0 3 0 0 0 0 0 0 0 0 0 0 0 0 0 0 0 0 0 0 0 0 0 0 0 5 0 0 0 0 0 0 0 0 0 0 0 0 0 0 0 0 0 0 0 0 0 0 0 0 0 0 0 0 0 0 0 0 0 0 0 0 0 0 0 0 0 0 0 0 0 0 0 0 0 0 0 0 0 
djolero
3 1 1 0 0 0 1 3 5 1 0 0 3 1 -3 1 -3 -5 -5 0 3 1 -3 3 0 1 -3 1 0 0 1 -3 0 1 -3 3 0 0 1 3 3 0 5 -3 -5 -3 1 0 0 0 0 -3 -5 -5 3 1 3 1 5 -3 0 1 -3 0 5 1 0 3 1 -3 0 1 0 3 -3 5 5 1 0 1 -3 -5 -5 -3 -3 0 1 1 5 1 -3 0 3 -5 0 0 -3 -3 0 1 -5 -3 0 -3 5 0 1 3 -3 0 0 1 3 -3 -3 0 3 0 -5 0 -5 -3 1 1 0 3 1 -3 0 -3 1 5 0 0 -3 3 -3 3 0 1 0 -3 0 5 1 0 3 -5 -3 0 0 -3 0 3 1 3 3 -3 
Storm
-5 -3 0 1 3 5 3 1 0 -3 -5 -3 0 1 3 3 1 0 0 1 1 0 0 -3 -3 1 1 0 -3 1 0 1 1 0 -3 0 1 0 -3 0 1 0 -3 0 1 1 1 1 1 0 0 0 -3 -3 -3 0 0 5 5 5 -5 -5 -5 0 1 0 -3 0 1 0 -3 0 1 1 0 -3 0 0 1 1 1 1 1 0 -3 -3 -3 -3 0 1 3 1 0 -3 -5 -3 0 1 3 5 3 1 0 -3 -5 -3 0 1 3 5 3 1 0 -3 -5 -3 0 1 3 5 3 1 0 -3 -5 -3 0 1 3 5 3 1 0 -3 -5 -3 0 1 3 5 3 1 0 -3 -5 -3 0 1 3 1 1 1 1 0 0 -3 -3 0 
jhurta9
0 0 0 0 0 0 0 0 0 0 0 0 0 0 0 0 0 0 0 0 0 0 0 0 0 0 0 0 0 0 0 0 0 0 0 0 0 0 0 0 0 0 0 0 0 0 0 0 0 0 0 0 0 0 0 0 0 0 0 0 0 0 0 0 0 0 0 0 0 0 0 0 0 0 0 0 0 0 0 0 0 0 0 0 0 0 0 0 0 0 0 0 0 0 0 0 0 0 0 0 0 0 0 0 0 0 0 0 0 0 0 0 0 0 0 0 0 0 0 0 0 0 0 0 0 0 0 0 0 0 0 0 0 0 0 0 0 0 0 0 0 0 0 0 0 0 0 0 0 0 0 0 0 0 0 0 0 0 
Siddharth09
0 0 0 0 0 0 0 0 0 0 0 0 0 0 0 0 0 0 0 0 0 0 0 3 0 0 0 3 3 0 0 0 0 0 0 0 0 0 0 0 0 0 0 0 0 0 0 0 0 0 0 0 0 0 0 0 0 0 0 0 0 0 0 0 0 0 0 0 0 3 0 1 0 0 0 0 3 0 3 0 3 0 3 0 0 0 0 0 0 3 0 0 3 0 0 0 0 0 0 0 0 0 0 0 0 0 0 0 0 0 0 0 0 0 0 0 0 0 0 0 3 0 1 0 0 3 0 0 0 3 5 3 0 1 1 0 0 0 0 3 3 0 0 1 0 0 3 3 0 0 0 0 3 1 3 3 3 1 
canarino_al_cioccolato
3 -5 -5 3 3 1 3 3 -5 -5 3 5 -3 -3 -3 3 0 1 -3 3 -3 -3 3 -3 5 -3 3 -3 -5 5 -5 1 3 1 -5 5 -5 1 -5 1 3 -3 -3 -3 3 -5 3 3 1 3 -5 -3 -3 -5 -3 -3 3 1 -3 -5 5 1 -3 -3 3 -3 1 3 3 5 -5 -3 -5 -5 1 5 3 0 3 1 3 3 1 -5 0 1 1 1 5 -5 1 0 -3 1 -3 -5 3 -5 0 -3 -3 -5 3 1 3 1 -3 -3 1 1 -3 -5 0 5 5 -3 -3 3 1 3 -5 1 -5 -5 3 1 -5 1 3 -3 -3 1 1 3 1 1 1 3 1 3 -3 3 1 -5 1 1 3 -5 1 1 1 -3 3 -5 -5 1 5 3 
faigne2
1 3 0 0 0 5 5 -3 0 0 5 0 3 0 0 0 0 0 0 0 0 1 0 -3 3 5 0 1 0 5 0 0 3 5 5 5 -3 0 0 3 5 3 0 0 5 0 5 5 5 5 0 0 0 0 0 0 5 5 0 0 3 3 0 5 0 0 0 5 5 1 0 3 0 0 5 0 5 0 3 5 5 5 5 0 0 5 0 3 3 -3 0 0 0 5 0 0 5 0 0 0 -3 0 0 5 1 0 1 0 3 0 0 0 0 5 5 0 1 0 0 0 0 0 3 3 0 0 1 0 5 5 5 3 0 5 0 3 5 5 0 5 0 0 5 0 3 0 5 1 0 0 0 0 0 5 -3 3 5 0 
amadni2
0 0 0 0 0 3 0 0 0 0 -5 0 0 0 0 0 0 0 0 0 0 0 0 0 0 0 0 0 0 0 0 0 0 0 0 0 0 0 0 0 1 0 1 0 0 3 0 0 0 0 0 0 0 0 0 0 0 0 0 0 0 0 0 0 0 0 0 1 -3 0 0 0 0 0 0 0 0 0 0 0 0 0 0 0 0 0 0 0 0 0 0 0 0 0 0 0 0 0 0 0 0 0 0 0 0 0 0 0 0 0 0 0 0 0 0 0 0 0 0 0 0 0 0 5 0 0 0 0 0 0 0 0 0 0 0 0 0 0 0 0 0 0 0 0 0 0 0 0 0 0 0 0 0 0 0 0 0 0 
efeder2
0 0 0 0 0 -3 3 1 0 0 1 1 1 5 0 0 0 0 0 0 0 0 0 -3 5 0 0 0 0 5 0 0 5 0 1 5 1 0 0 5 0 1 0 0 1 0 3 0 0 0 1 0 0 5 1 0 3 1 0 0 1 0 0 0 0 0 0 3 5 0 0 1 0 1 5 3 5 0 1 0 0 0 1 0 0 0 0 0 1 3 0 0 1 0 0 5 5 3 0 0 1 0 0 0 1 0 0 0 0 0 0 5 1 1 1 0 0 0 1 0 -3 0 3 1 0 5 0 0 5 5 1 1 0 0 5 0 0 0 0 1 0 0 0 0 1 0 5 1 0 0 1 0 0 1 3 1 1 0 
ldmoy2
1 0 0 3 1 1 3 0 1 0 5 5 0 1 0 5 0 5 0 0 0 0 0 0 0 0 0 0 0 5 0 1 0 0 0 1 0 1 0 3 0 0 0 0 5 1 1 0 1 5 0 0 0 0 0 0 1 5 0 0 0 3 0 0 0 0 0 0 1 0 0 1 0 0 3 1 5 0 1 0 0 0 1 0 0 3 0 0 1 3 0 0 3 3 0 0 5 0 0 0 1 0 0 0 0 0 0 1 0 0 0 5 0 5 5 0 5 0 0 0 1 0 0 0 0 1 0 0 5 3 5 1 0 1 5 0 0 0 0 0 0 1 0 1 0 0 5 0 0 0 1 0 0 0 1 1 0 0 
rbarra6
0 3 0 0 0 3 0 3 0 5 3 5 3 5 0 0 0 0 0 0 0 1 0 3 0 0 0 3 0 3 0 0 0 0 3 5 5 0 0 5 3 0 0 0 0 0 5 5 3 0 0 0 0 0 0 0 0 0 0 0 3 5 0 0 5 0 0 5 1 0 0 0 0 3 0 0 3 0 0 0 5 0 5 5 0 0 0 0 3 1 0 0 1 0 0 0 0 0 0 0 3 0 0 0 1 0 3 5 5 0 0 5 0 3 3 0 1 0 0 5 1 5 1 5 0 5 3 0 5 1 5 0 0 5 0 0 0 3 5 5 5 0 5 0 0 0 5 3 5 5 0 0 0 0 1 0 3 0 
boky
0 3 0 0 0 0 0 0 0 0 5 0 0 0 0 0 0 0 0 0 0 1 0 1 0 0 0 0 0 0 1 0 0 0 0 0 1 0 0 0 3 0 1 0 0 0 0 0 0 0 0 0 0 0 0 0 3 0 -3 0 0 0 0 0 0 0 0 1 1 0 0 0 0 0 0 0 0 0 0 0 1 0 0 0 0 0 0 0 0 1 0 0 0 0 0 0 0 0 0 0 0 0 0 0 1 0 0 0 0 0 0 0 0 0 0 0 3 0 0 0 0 0 0 0 0 0 3 0 0 0 0 0 0 0 5 0 0 3 0 3 0 0 0 0 0 0 0 0 0 0 0 0 0 0 -3 0 3 0 
apalac23
0 1 0 0 0 3 0 1 0 0 3 3 0 3 0 0 0 0 0 0 0 1 0 3 0 0 0 0 0 0 0 0 3 0 0 3 3 0 0 0 0 0 0 0 0 0 0 0 0 0 0 0 0 0 0 0 0 0 0 0 3 0 0 0 0 0 0 3 1 3 0 0 0 0 0 0 3 0 0 0 0 0 0 3 0 0 0 0 3 0 0 0 0 0 0 0 0 0 0 0 3 0 0 0 1 0 0 0 0 0 0 0 0 0 0 0 0 0 0 0 1 0 0 3 0 0 0 0 0 0 0 0 0 0 3 0 0 0 0 3 0 0 0 0 0 0 0 3 0 0 0 0 0 0 0 0 3 0 
freezeroid
0 0 0 0 0 0 0 0 0 0 5 0 0 0 0 0 0 0 0 0 0 0 0 0 0 0 0 0 0 0 0 0 0 0 0 0 0 0 0 0 0 0 0 0 5 0 0 0 0 0 0 0 0 0 0 0 0 0 0 0 0 0 0 0 0 0 0 0 0 0 0 0 0 0 0 0 0 0 0 0 0 0 0 0 0 0 0 0 0 0 0 0 5 0 0 0 0 0 0 0 0 0 0 0 0 0 0 0 0 0 0 0 0 0 0 0 0 0 0 0 0 0 0 0 0 0 0 0 0 0 0 0 0 0 0 0 0 0 0 0 0 0 0 0 0 0 0 0 0 0 0 0 0 0 0 0 0 0 
prod1gy
0 0 0 0 0 0 0 0 0 0 0 0 0 0 0 0 0 0 0 0 0 0 0 0 0 0 0 0 0 0 0 0 0 0 0 0 0 0 0 0 0 0 0 0 0 0 0 0 0 0 0 0 0 0 0 0 0 0 0 0 0 0 0 0 0 0 0 0 0 0 0 0 0 0 0 0 0 0 0 0 0 0 0 0 0 0 0 0 0 0 0 0 0 0 0 0 0 0 0 0 0 0 0 0 0 0 0 0 0 0 0 0 0 0 0 0 0 0 0 0 0 0 0 0 0 0 0 0 0 0 0 0 0 0 0 0 0 0 0 0 0 0 0 0 0 0 0 0 0 0 0 0 0 0 0 0 0 0 
burhan
0 5 5 0 0 5 5 1 0 5 5 5 1 0 0 0 0 0 0 0 1 1 0 5 1 0 0 0 0 0 0 0 0 0 0 0 0 0 0 5 5 0 5 0 3 0 1 0 0 0 0 0 0 0 5 0 5 5 5 0 5 0 0 0 5 0 0 5 5 0 0 0 0 0 0 0 5 0 5 0 5 0 0 0 0 0 0 0 5 5 0 0 5 0 0 0 0 0 0 0 5 0 0 0 5 0 0 0 0 0 0 0 0 5 5 0 0 0 0 0 5 0 5 5 0 0 5 0 0 0 0 5 0 0 0 0 0 0 0 5 0 0 0 0 0 0 5 0 0 0 0 0 0 5 5 0 5 0 
rruiz30
0 0 0 0 0 5 5 0 0 0 5 0 0 0 0 0 0 0 0 0 0 0 0 1 0 0 0 3 0 0 0 0 3 0 0 0 0 0 0 0 0 0 0 0 5 0 0 0 0 0 0 0 0 0 0 0 5 3 0 0 5 0 0 0 5 0 0 1 1 0 0 0 0 0 0 3 3 0 0 0 -3 3 0 0 0 0 0 0 5 0 0 0 0 0 0 0 0 0 0 0 0 0 0 0 -3 0 0 3 0 0 0 0 0 5 5 0 0 0 0 0 0 0 0 5 0 0 0 0 5 0 0 5 0 0 0 0 5 0 0 0 0 0 0 0 5 0 0 0 0 0 0 0 0 0 0 0 0 0 
fkhan78
0 3 0 0 0 0 0 0 3 0 0 0 0 0 0 0 0 0 0 0 0 0 0 3 0 0 0 0 0 0 0 0 0 0 0 5 3 0 0 0 0 0 0 0 0 0 0 0 0 0 0 0 0 0 0 0 5 0 0 0 3 0 0 5 5 0 0 5 0 5 0 0 0 0 0 0 0 0 0 0 0 0 0 0 0 0 0 0 0 0 0 0 0 0 0 0 0 0 0 0 0 0 0 0 5 0 0 0 0 0 0 0 0 5 5 0 0 0 0 0 3 0 0 5 0 0 0 0 0 0 0 5 0 0 0 0 0 0 0 3 0 0 0 0 0 0 0 0 0 0 0 0 0 5 0 0 0 0 
emily
5 -3 -3 -3 1 0 5 1 5 0 0 0 0 0 0 1 0 0 0 0 0 1 0 1 0 1 0 1 0 0 0 0 3 0 0 0 1 1 1 0 1 1 1 0 0 0 0 0 0 0 0 0 0 0 0 0 0 0 0 0 0 1 0 1 5 -3 -3 3 3 1 1 -3 1 0 0 5 0 -3 3 3 -3 -3 -3 1 0 1 0 0 1 -5 0 0 -3 1 -3 1 -3 -3 1 0 3 0 0 0 -3 0 -5 1 1 0 0 0 0 5 5 0 5 5 0 1 1 0 0 5 0 0 1 0 0 0 0 -3 0 0 0 0 0 -3 -3 1 0 1 -3 3 3 0 0 5 0 0 0 0 0 1 -5 5 5 0 
msweis8
3 1 0 0 1 3 1 1 0 0 1 0 0 0 0 0 0 0 0 1 1 1 0 1 0 1 0 1 0 1 0 0 3 0 0 5 0 0 0 0 1 1 0 0 1 0 5 0 0 1 1 0 0 0 0 0 3 3 0 0 1 0 0 0 1 1 0 1 1 1 0 0 1 1 1 1 1 0 1 0 3 1 0 0 0 1 0 0 1 -3 0 0 0 0 0 0 0 0 0 0 1 0 0 0 1 0 5 1 0 0 0 1 0 1 1 0 1 1 0 0 0 0 0 5 1 3 0 0 0 0 5 3 1 0 1 0 0 1 0 1 0 1 1 0 0 0 1 1 1 0 0 0 5 0 0 1 1 0 
Harshil Bhatt
1 0 0 -3 -5 -3 0 1 3 5 3 1 0 -3 -5 -3 0 1 3 5 3 1 0 -3 -5 -3 0 1 3 5 3 1 0 -3 -5 -3 0 1 3 5 3 1 0 -3 -5 -3 0 1 3 5 3 1 0 -3 -5 -3 0 1 3 5 3 1 0 -3 -5 0 -3 1 3 5 3 1 3 5 3 1 3 5 5 3 1 3 5 3 1 3 5 3 1 3 5 3 1 3 5 3 1 3 5 3 1 3 5 3 1 3 5 3 1 3 5 3 1 3 5 3 1 5 3 1 3 5 3 1 3 0 0 -3 -3 -5 0 1 1 0 -3 -5 -3 0 1 3 5 3 1 0 -3 0 1 3 3 1 0 -3 0 1 3 5 3 1 
Mirac Kara
3 1 0 0 0 5 5 3 1 0 0 3 0 0 0 0 0 0 0 0 0 1 0 3 0 5 0 0 0 1 0 0 0 0 0 0 3 0 0 0 5 0 3 0 0 0 1 0 0 0 0 0 0 0 0 0 5 1 0 3 3 0 0 0 0 0 0 5 3 0 0 0 0 1 0 5 3 0 5 0 5 5 0 0 0 0 0 0 5 1 0 0 0 0 0 0 0 0 0 0 5 0 0 0 5 0 0 0 0 0 0 0 0 5 5 0 0 0 0 0 3 0 0 5 0 0 3 0 0 0 0 1 3 0 0 0 0 3 0 5 0 5 0 0 0 0 5 0 0 0 0 0 0 0 0 0 0 0 
dwarr3
0 0 -3 0 0 0 0 0 1 0 0 0 0 1 0 0 0 0 0 0 0 0 0 1 0 0 0 0 0 0 0 0 0 0 0 3 0 0 0 0 0 0 1 0 0 0 5 0 0 0 0 0 0 3 0 0 0 0 0 0 3 0 0 0 0 0 0 0 0 1 0 0 1 0 0 0 5 0 0 0 0 0 0 0 0 0 0 0 0 5 0 0 3 0 0 1 0 0 0 0 3 0 0 0 3 0 0 0 0 0 0 0 0 1 1 0 0 0 0 0 1 0 0 0 0 0 0 0 0 0 5 1 0 0 3 0 0 1 0 1 0 0 3 0 0 0 0 3 0 0 0 0 0 0 3 0 0 0 
khwang21
0 1 0 0 0 0 0 0 -3 0 0 1 1 1 0 0 0 0 0 0 0 1 0 1 0 0 0 0 0 0 0 0 0 0 0 1 0 0 0 0 0 0 0 0 0 0 0 0 0 0 0 0 0 0 0 0 1 0 0 0 0 0 0 0 0 0 0 1 -3 1 0 1 0 0 0 1 1 0 0 0 0 0 0 0 0 0 0 0 0 1 0 0 1 0 0 0 0 0 0 0 0 0 0 0 -3 0 0 0 0 0 0 1 0 0 0 0 0 0 0 0 1 0 0 0 0 0 0 0 0 0 0 0 0 0 0 0 0 -3 0 0 0 0 0 0 0 0 0 0 0 0 0 0 0 0 1 0 0 0 
Amaan
1 1 0 0 0 5 1 1 0 0 1 0 0 1 0 0 0 0 0 3 0 1 0 3 1 0 0 0 -3 1 0 0 3 0 0 1 3 0 0 3 3 1 0 1 1 0 0 0 0 0 0 0 0 0 0 0 -3 0 0 0 5 3 0 0 3 0 0 3 1 1 0 0 0 0 0 1 0 0 1 0 1 1 0 5 0 0 1 0 3 3 0 0 3 0 0 -3 0 0 3 0 5 0 0 0 3 0 -3 5 1 0 0 0 0 3 3 0 3 0 3 0 1 5 0 3 0 0 1 0 0 0 0 3 1 0 5 3 0 1 0 3 0 0 1 3 0 0 5 5 0 0 1 0 0 0 0 0 3 0 
ypatel49
0 1 3 0 1 -3 0 1 1 -3 1 0 0 1 -3 5 0 3 -3 3 3 -3 1 3 -3 1 5 1 -3 1 -3 3 1 -3 0 1 -3 0 1 -3 5 0 1 0 1 -3 1 -3 0 0 -3 0 3 3 0 -3 1 0 0 1 1 1 -3 1 0 -3 1 1 3 0 3 -5 3 1 -5 0 0 1 -3 1 0 3 3 -5 0 1 3 -3 1 5 1 1 -3 3 -3 1 3 1 -3 1 5 3 5 0 1 3 1 0 3 5 1 3 -3 1 3 -3 1 0 3 0 3 0 1 5 0 3 0 1 1 -3 0 1 1 3 1 0 1 3 1 5 -3 5 3 -3 1 3 0 1 3 5 1 0 0 1 3 5 5 5 
tkhan34
0 3 0 0 0 1 3 1 0 0 -3 1 5 3 0 0 0 0 0 0 0 1 0 0 0 0 0 0 0 -3 0 0 -3 0 0 0 -5 0 0 3 3 1 0 0 0 0 1 0 0 0 0 0 0 -3 0 0 -5 0 0 0 3 0 0 0 0 0 0 3 1 -5 1 0 0 1 3 1 0 0 0 0 0 0 0 0 0 0 0 0 1 5 0 0 -5 0 0 1 1 0 0 0 0 0 0 0 3 0 0 0 0 0 0 -3 0 0 0 0 3 0 3 0 -3 0 0 -3 0 0 3 0 3 0 -3 0 0 0 1 0 0 3 0 3 0 0 0 0 0 0 0 -3 0 0 0 0 0 0 5 -3 0 0 
RecTech
0 0 0 0 0 0 0 1 1 1 0 3 1 3 0 0 0 0 0 0 3 0 0 5 0 0 0 0 0 0 0 0 0 0 3 0 3 1 0 0 3 0 0 0 0 0 0 0 0 0 0 0 0 0 0 0 0 0 0 0 0 0 0 0 0 0 0 0 0 3 0 0 0 0 0 0 0 0 1 0 3 0 0 0 0 0 0 0 0 1 0 0 3 0 0 0 0 0 0 0 3 0 0 0 0 0 0 0 3 0 0 3 0 0 0 0 0 0 0 0 3 0 0 1 0 0 1 0 0 0 0 0 0 0 0 0 0 0 0 3 0 0 0 0 0 0 0 5 0 0 0 0 0 0 0 0 0 0 
JManqu2
0 -3 0 0 0 0 0 0 0 0 0 0 0 0 0 0 0 0 0 0 0 0 0 1 0 0 0 0 0 0 0 0 0 0 0 0 0 0 0 0 3 0 0 0 3 0 0 0 0 0 0 0 0 0 0 0 0 0 0 0 0 0 0 0 3 0 0 1 1 -3 0 0 0 0 0 0 0 0 0 0 0 0 0 0 0 0 0 0 0 0 0 0 0 0 0 0 0 0 0 0 0 0 0 0 -3 0 0 0 0 0 0 0 0 0 0 0 0 0 0 0 0 0 0 3 0 0 0 0 0 0 0 0 0 0 0 0 0 0 0 3 0 0 0 0 0 0 0 0 0 0 0 0 0 0 0 0 0 0 
dgallu2
0 0 0 0 0 0 0 0 0 0 0 0 0 0 0 0 0 0 0 0 0 0 0 0 0 0 0 0 0 0 0 0 0 0 0 0 0 0 0 0 0 0 0 0 0 0 0 0 0 0 0 0 0 0 0 0 0 0 0 0 0 0 0 0 0 0 0 0 0 0 0 0 0 0 0 0 0 0 0 0 0 0 0 0 0 0 0 0 0 0 0 0 0 0 0 0 0 0 0 0 0 0 0 0 0 0 0 0 0 0 0 0 0 0 0 0 0 0 0 0 0 0 0 0 0 0 0 0 0 0 0 0 0 0 0 0 0 0 0 0 0 0 0 0 0 0 0 0 0 0 0 0 0 0 0 0 0 0 
sohaga2
0 -3 0 0 0 5 5 0 0 0 3 5 0 3 0 0 0 0 0 1 0 0 0 3 5 0 0 0 5 0 0 0 5 0 0 5 5 0 0 0 0 0 3 5 0 0 0 0 0 0 0 0 0 0 0 0 5 0 0 0 5 0 5 0 0 0 0 5 3 0 0 0 0 0 0 3 0 0 5 0 0 3 0 0 0 0 0 0 5 0 0 0 0 0 0 0 0 0 0 0 0 0 0 0 5 0 0 0 3 0 0 5 0 5 5 0 5 0 0 0 1 0 0 5 0 0 0 0 0 0 3 5 5 0 0 0 0 -5 0 5 0 0 5 0 0 0 0 3 0 0 0 0 0 0 5 0 5 0 
ebrede2
3 3 0 0 0 0 5 3 0 0 -3 -5 0 -5 0 0 0 5 0 0 -5 -5 0 -5 5 3 0 -3 0 5 0 0 5 3 0 3 3 1 -5 -5 3 5 0 0 3 0 3 3 5 0 0 0 0 0 -5 0 3 5 -5 0 1 5 -3 5 5 0 0 3 -5 -5 0 3 0 0 0 5 5 0 5 3 0 0 5 0 0 5 -5 5 -5 -3 0 0 -5 5 0 0 3 0 5 0 -5 0 0 3 0 0 0 5 0 -3 0 -5 0 3 3 0 3 3 5 0 0 5 3 0 0 5 1 5 3 3 3 5 0 5 3 5 5 5 5 -5 3 -3 3 -5 -5 0 3 -3 0 0 0 0 5 0 0 5 -3 0 
Youshu
0 0 0 0 0 0 0 0 0 0 0 0 0 1 0 0 0 0 0 0 0 0 0 0 0 0 0 0 0 0 0 0 0 0 0 0 0 0 0 0 0 0 0 0 0 0 0 0 0 0 0 0 0 0 0 0 0 0 0 0 0 0 0 0 0 0 0 3 0 0 0 0 0 0 0 0 0 0 0 0 0 0 0 0 0 0 0 0 0 0 0 0 0 0 0 0 0 0 0 0 0 0 0 0 1 0 0 0 1 0 0 0 0 0 0 0 0 0 0 0 -3 0 0 3 0 0 0 0 0 0 0 0 0 0 5 0 0 0 0 0 0 0 0 0 0 0 0 -3 0 0 0 0 0 0 0 0 0 0 
Muhammed Mbow
-5 -5 -5 -5 0 0 0 0 0 0 0 0 0 0 0 0 0 0 0 0 3 1 3 0 1 0 0 1 0 -3 1 -3 0 1 -3 -3 1 -3 0 1 -3 0 1 -3 0 1 -3 1 0 0 0 -3 1 -3 3 0 0 -3 0 1 0 3 1 0 -3 -5 0 -3 3 -3 3 0 1 -3 0 -3 1 0 0 -3 1 -3 0 1 0 -3 0 -3 0 0 0 0 1 3 5 5 5 5 5 5 5 1 0 -3 -5 -5 -5 -5 -5 -3 0 0 1 3 5 3 1 0 -3 -5 -3 0 1 3 5 3 1 0 0 0 -3 -5 -3 0 0 0 0 0 0 0 0 0 0 -5 -5 5 5 5 1 1 0 0 0 0 0 0 0 0 
hxu65
1 -3 0 0 1 0 -3 0 1 0 -3 1 0 0 1 -3 1 0 3 -3 1 -3 1 0 3 -3 0 0 -3 1 0 -3 1 0 -3 1 0 1 0 3 -3 3 0 -3 3 0 -3 3 0 -3 3 0 0 3 -3 3 0 0 1 0 0 1 -3 1 0 1 -3 1 0 3 -3 0 1 0 1 -3 1 3 0 1 -3 1 0 1 -3 5 5 5 5 5 5 5 5 3 3 3 3 3 3 3 3 3 3 1 0 3 0 0 0 3 1 0 1 0 0 3 0 1 0 1 -3 1 0 1 -3 3 0 0 -3 1 0 0 0 0 0 3 -3 1 0 0 3 0 1 -3 3 3 3 3 3 0 -3 0 0 0 1 -3 0 0 
Sunny
5 5 0 0 0 0 0 0 0 5 5 5 5 5 0 0 0 0 0 5 0 5 0 5 0 0 0 0 5 5 0 0 5 5 0 5 5 0 0 0 5 0 0 0 0 0 5 0 0 0 0 0 0 0 5 0 5 0 5 0 5 0 0 0 5 0 0 5 3 5 0 0 0 5 5 0 5 0 0 0 1 0 5 3 0 0 0 0 5 5 0 0 0 0 0 0 5 0 0 0 5 0 0 0 -3 0 0 0 0 0 0 0 0 3 3 0 0 0 0 0 5 0 5 5 0 5 -5 0 0 0 0 5 5 0 0 0 0 5 0 5 0 0 5 0 0 0 5 5 0 0 0 0 0 0 5 0 0 0 
Savila25
3 5 1 0 0 5 1 5 1 0 5 0 0 5 0 0 0 0 0 0 0 5 0 1 5 0 0 0 0 5 5 0 0 0 0 5 3 0 0 0 5 0 0 5 1 0 5 0 0 0 0 0 0 0 0 0 0 1 0 0 5 0 0 0 0 0 0 5 5 3 0 0 0 1 5 3 0 0 0 0 0 0 0 0 0 0 0 0 3 5 0 0 3 0 0 0 5 0 0 0 0 0 0 0 5 0 5 0 5 0 0 0 0 3 0 0 5 0 0 0 5 0 0 5 0 3 5 0 0 5 5 5 0 0 5 0 0 5 0 5 0 0 5 0 0 0 0 0 0 0 0 0 0 0 5 0 0 0 
aalawi5
0 0 0 0 0 5 1 -3 -3 -3 0 5 0 5 0 -5 -3 1 1 1 3 1 -3 0 0 1 0 0 0 1 0 0 1 0 3 0 1 3 1 1 1 5 -3 -3 0 1 0 1 1 1 1 0 0 0 1 0 0 0 0 1 0 1 0 1 1 1 1 5 0 5 5 -3 1 -3 -3 -5 5 5 0 0 5 0 0 0 0 0 -3 0 -3 3 1 1 5 1 0 0 0 0 0 0 1 3 0 0 0 3 0 0 1 0 0 5 3 0 -3 -5 -5 1 0 0 1 0 0 1 0 1 1 0 5 5 0 0 0 1 1 3 3 1 1 1 3 3 -3 -5 0 -3 5 0 0 -3 -3 -3 0 -3 0 -3 0 0 
OldSpice1234
0 -5 -3 0 0 3 5 0 0 0 3 5 0 5 0 0 0 0 0 0 0 0 0 0 1 0 0 1 0 0 0 0 1 0 0 3 5 0 0 1 0 0 0 3 1 0 5 0 0 0 0 0 0 0 0 0 5 0 0 0 -3 0 0 0 0 0 0 5 3 0 0 1 0 0 0 3 0 0 5 0 -3 0 0 0 0 0 0 0 1 5 0 0 0 0 0 0 5 5 0 0 1 0 0 0 1 0 0 0 0 0 0 5 0 1 0 0 -5 0 0 0 0 0 0 3 0 5 0 0 0 0 5 -3 -3 0 5 0 0 -5 0 3 0 0 5 3 0 0 5 0 0 0 0 0 0 0 0 0 1 0 
Yesh S
1 1 0 0 0 0 0 -3 0 0 0 0 0 3 0 0 0 0 0 0 0 1 0 3 0 0 0 0 0 0 -3 0 0 0 0 0 3 0 0 0 1 0 1 0 0 0 0 0 0 0 0 0 0 0 0 0 0 0 0 0 0 1 0 0 3 1 0 1 -3 3 0 0 0 3 0 0 1 0 0 0 0 0 0 0 0 0 0 0 0 1 0 0 0 0 0 0 0 0 0 0 3 0 0 0 3 0 0 0 0 1 0 0 0 0 0 0 0 0 0 0 0 0 0 3 0 0 -3 0 0 0 0 3 3 0 0 0 0 0 0 3 0 0 0 0 0 0 0 3 0 0 0 0 0 0 1 0 0 0 
herve001
1 3 3 1 1 3 1 5 5 3 3 3 3 3 1 1 1 3 3 3 3 1 1 1 1 1 1 1 1 1 1 1 1 1 1 1 1 1 1 1 1 3 0 3 3 3 3 3 3 3 1 3 1 1 3 1 1 3 1 1 1 1 3 1 1 1 3 1 1 3 1 1 3 1 3 1 1 3 3 1 1 3 1 5 1 0 1 1 3 3 1 3 1 3 0 1 1 3 3 1 5 3 1 3 3 3 1 3 3 1 1 3 5 1 1 1 3 3 3 3 5 5 3 3 3 3 3 1 3 3 1 1 3 1 3 3 3 5 5 5 5 3 5 3 3 3 3 3 5 3 3 5 3 3 3 3 3 3 
tlimba2
0 3 0 0 0 3 3 -3 0 0 3 1 3 3 0 0 0 0 0 0 0 3 0 -3 0 5 0 0 3 5 0 0 5 0 0 5 3 0 0 1 1 3 0 3 0 0 0 0 0 0 0 0 0 1 5 3 0 0 3 0 -5 0 0 0 0 0 0 -3 3 0 3 3 3 5 0 0 3 0 0 0 -3 1 0 0 0 0 1 0 0 1 0 0 5 0 0 -3 3 0 0 0 1 0 0 0 1 0 0 0 0 0 0 -3 0 0 0 0 1 0 0 3 1 0 5 5 0 3 0 0 3 0 3 1 3 0 0 0 0 -3 0 1 0 0 1 3 0 0 3 3 3 0 0 0 0 3 1 0 3 0 
emonte9
0 3 3 0 0 0 0 1 0 0 0 0 0 -5 0 0 5 0 1 0 0 0 0 0 0 0 -3 -3 0 0 -5 0 0 0 0 0 0 0 0 3 0 0 0 0 0 0 0 0 0 0 0 0 0 0 0 0 0 0 3 0 0 0 0 0 0 0 5 0 5 -5 5 5 -5 5 0 0 0 5 5 0 3 0 -3 0 0 0 0 0 0 3 0 0 0 0 0 -3 0 0 0 0 0 0 0 3 0 0 0 0 0 0 0 0 3 1 1 0 0 0 0 0 1 0 0 1 0 0 0 0 0 0 0 3 3 0 0 0 -5 0 1 0 0 0 1 0 0 0 5 3 1 0 0 0 0 3 3 0 -3 -3 
nik
0 -3 -3 0 0 0 0 -3 0 0 1 1 0 3 0 0 0 0 0 0 0 -3 0 -3 0 0 0 0 0 0 0 0 0 0 0 0 1 0 0 0 1 0 0 0 0 0 1 0 0 0 0 0 0 0 0 0 1 0 0 0 0 0 0 0 1 0 0 3 0 0 0 0 0 0 0 0 1 0 0 0 0 0 0 0 0 0 0 0 0 -3 0 0 1 0 0 0 0 0 0 0 -3 0 0 0 1 0 0 0 0 0 0 1 -3 0 0 0 1 0 0 0 -3 0 1 5 0 0 -3 0 0 0 0 1 0 0 0 0 0 0 0 3 0 0 0 0 0 0 0 1 0 0 0 0 0 0 -3 0 0 0 
sora2781
0 3 0 0 0 0 0 0 0 0 5 0 0 0 0 0 0 0 0 0 0 0 0 5 0 0 0 0 0 0 0 0 0 0 1 0 0 0 0 0 0 0 0 0 0 0 0 0 0 0 0 0 0 0 0 0 0 0 0 0 0 0 0 0 0 0 0 0 1 0 0 0 0 0 0 0 0 0 0 0 3 0 0 0 0 0 0 0 0 0 0 0 0 0 0 0 0 0 0 0 5 0 0 0 -3 0 0 0 5 0 0 0 0 0 0 0 0 0 0 0 5 0 0 5 0 0 3 0 0 0 0 5 3 0 0 0 0 0 0 5 0 0 0 0 0 0 0 0 0 0 0 0 0 0 0 0 0 0 
recommended122
0 0 0 0 0 0 0 0 0 0 0 0 0 0 0 0 0 0 0 0 0 0 0 0 0 0 0 0 0 0 0 0 0 0 0 0 0 0 0 0 0 0 0 0 0 0 0 0 0 0 0 0 0 0 0 0 0 0 0 0 0 0 0 0 0 0 0 1 0 0 1 0 0 0 0 0 0 0 0 0 0 0 0 0 0 0 0 0 0 3 0 0 0 0 0 0 0 0 0 0 0 0 0 0 0 0 0 0 0 0 0 0 0 0 0 0 0 0 0 0 0 0 0 0 0 0 0 0 0 0 0 0 0 0 0 0 0 0 0 0 0 0 0 0 0 0 0 0 0 0 0 0 0 0 0 0 0 0 
Gus
3 1 1 0 0 0 3 0 0 1 1 0 0 0 0 0 0 0 0 0 0 0 5 1 3 0 0 0 0 0 0 1 0 0 0 1 0 0 0 1 0 3 0 0 0 0 0 1 0 0 0 5 0 1 0 0 5 0 0 0 0 1 0 1 0 0 0 3 3 1 0 0 0 0 0 0 3 0 0 0 0 0 0 0 0 0 0 0 0 1 0 0 0 0 0 0 0 0 3 0 0 0 0 0 1 0 0 0 0 0 0 0 0 3 5 0 0 0 1 1 0 5 0 3 0 1 0 0 0 0 1 1 1 0 0 1 0 0 1 1 0 0 0 0 0 0 0 0 0 0 0 0 0 0 0 0 0 1 
cgalar5
5 5 0 0 3 3 5 1 0 5 5 5 0 5 0 0 0 0 0 0 0 3 5 5 1 0 0 0 0 5 1 1 3 0 0 1 5 0 0 1 3 3 0 3 5 0 5 5 0 5 0 5 1 0 0 0 5 5 0 0 5 5 0 0 3 0 0 5 5 0 0 5 0 0 5 0 5 0 1 0 0 5 0 5 0 5 1 0 0 -3 0 0 0 0 0 0 5 0 3 0 5 0 5 0 3 0 0 5 0 0 0 1 0 5 5 0 5 0 3 0 -5 5 1 5 0 1 3 0 5 5 5 0 0 0 3 0 0 5 5 0 0 5 0 0 1 0 5 3 0 5 0 0 0 3 -3 0 0 0 
hchris6
0 3 0 0 0 3 3 3 3 0 5 0 1 0 0 0 0 0 0 0 0 3 0 5 0 0 0 0 1 3 0 0 0 0 0 0 5 0 0 3 1 0 5 3 0 0 0 0 0 0 0 0 0 0 0 0 5 0 0 0 5 0 0 0 0 0 0 3 3 0 0 0 0 0 0 0 0 0 0 0 0 0 0 0 0 0 0 0 3 3 0 0 0 0 0 3 0 0 0 0 3 0 0 0 5 0 0 0 0 0 0 0 0 0 0 0 5 0 0 0 0 0 3 0 0 0 0 0 0 3 0 3 0 0 5 0 0 5 0 3 0 0 0 3 3 0 0 5 0 0 0 0 0 0 3 0 0 0 
mwu52
0 3 0 0 3 0 3 3 0 0 -5 0 0 5 0 0 0 0 0 0 5 -3 0 3 0 0 0 0 0 3 0 0 5 0 0 0 3 0 0 0 3 0 0 0 0 3 0 3 0 0 0 0 0 0 0 3 5 0 0 0 0 0 0 0 5 0 0 3 3 3 0 0 0 0 0 0 0 0 5 0 5 5 0 3 0 0 0 0 5 3 0 0 5 0 0 0 0 0 0 0 3 0 0 0 -3 0 0 0 0 0 0 3 0 3 3 0 0 0 0 0 5 0 0 5 0 0 -3 0 0 0 0 0 5 0 0 0 0 0 0 0 0 5 0 0 0 0 5 5 0 0 0 0 0 0 0 0 0 0 
pattyv
0 -3 0 0 0 5 1 0 0 0 5 0 0 0 0 0 0 0 0 0 0 5 0 1 0 0 0 0 0 0 0 0 0 0 0 0 5 0 0 0 5 0 0 0 0 0 0 0 0 0 0 0 0 0 0 0 5 0 0 0 0 0 0 0 0 0 0 -3 -5 0 0 0 0 0 0 0 0 0 0 0 0 0 0 0 0 0 0 0 0 0 0 0 0 0 0 0 0 0 0 0 0 0 0 0 -5 0 0 0 0 0 0 0 0 0 0 0 0 0 0 0 -5 0 0 1 0 0 -3 0 0 0 0 0 0 0 0 0 0 -5 0 1 0 0 0 0 0 0 5 5 0 0 0 0 0 0 0 0 0 0 
sp1109
0 3 3 0 0 0 0 0 0 0 0 0 0 0 0 0 0 0 0 0 0 0 0 0 0 0 0 0 0 0 0 0 0 0 0 0 3 0 0 0 5 0 0 0 0 0 0 0 0 0 0 0 0 0 0 0 0 0 0 0 0 0 0 0 0 0 0 0 1 0 0 0 0 0 0 0 0 0 0 0 0 0 0 0 0 0 0 0 0 -3 0 0 0 0 0 0 0 0 0 0 3 0 0 0 3 0 0 0 0 0 0 1 0 0 0 0 0 0 0 0 3 0 0 3 0 0 3 0 0 0 0 0 0 0 0 0 0 3 0 5 0 0 0 0 0 0 0 3 0 0 0 0 0 0 -3 0 0 0 
kannam2
0 0 0 0 0 0 0 0 0 0 0 0 0 0 0 0 0 0 0 0 0 0 0 0 0 0 0 0 0 0 0 0 0 0 0 5 0 0 0 0 0 0 0 0 0 0 0 0 0 0 0 0 0 5 0 0 0 0 0 0 0 0 0 0 0 0 0 0 0 0 0 0 0 0 0 0 0 0 5 0 0 0 0 0 0 0 0 0 0 3 0 0 0 0 0 0 0 0 0 0 0 0 0 0 0 0 0 0 0 0 0 0 0 0 0 0 0 0 0 0 3 0 0 0 0 5 0 0 0 0 0 5 5 0 0 0 0 0 0 3 0 0 0 0 0 0 0 0 0 0 0 0 0 0 0 0 0 0 
ajpudi
0 0 0 0 0 1 0 0 0 0 3 0 0 0 0 0 0 0 0 0 0 0 0 0 0 0 0 0 0 3 0 0 0 0 1 0 0 0 0 0 0 0 0 0 0 0 0 0 0 0 0 0 0 0 0 0 5 0 0 0 0 0 0 0 0 0 0 0 0 0 0 0 0 0 0 3 0 0 3 0 1 0 0 0 0 0 0 0 0 0 0 0 0 0 0 0 0 0 0 0 0 0 0 0 0 0 0 0 1 0 0 0 0 3 3 0 0 0 0 0 0 0 0 0 0 0 0 0 0 0 0 0 0 0 0 0 0 0 0 0 0 0 0 0 0 0 5 1 0 0 0 0 3 0 0 0 0 0 
Hao
0 0 0 0 0 0 0 0 0 0 0 0 0 0 0 0 0 0 0 0 0 0 0 0 0 0 0 0 0 0 0 0 0 0 0 0 0 0 0 0 0 0 0 0 0 0 0 0 0 0 0 0 0 0 0 0 0 0 0 0 0 0 0 0 0 0 0 0 0 0 0 0 0 0 0 0 0 0 0 0 0 0 0 0 0 0 0 0 0 1 0 0 1 0 0 0 0 0 0 0 3 0 0 0 0 0 0 0 0 0 0 0 0 0 0 0 0 0 0 0 0 0 0 0 0 0 0 0 0 0 0 0 0 0 0 0 0 0 0 0 0 0 0 0 0 0 0 0 0 0 0 0 0 0 1 0 0 0 
sjoy5
0 0 0 0 0 1 0 0 0 0 0 0 0 0 0 0 0 0 0 -3 -3 0 0 1 0 0 0 1 0 0 0 0 0 0 3 0 0 0 0 0 1 0 0 0 0 0 0 0 0 0 0 0 0 0 0 0 3 3 0 0 0 0 0 0 3 3 0 0 -3 0 0 0 0 -3 0 1 3 0 1 0 5 0 -3 0 0 0 0 -3 -3 -3 0 -3 1 0 0 0 0 0 0 -3 3 -3 0 0 -3 0 0 0 -3 -3 -3 -3 -3 -3 -3 0 0 0 0 0 -3 0 0 0 -3 -3 -3 -3 -3 -3 0 -3 0 0 0 0 0 0 0 1 0 0 0 0 0 0 0 0 0 0 5 0 0 0 0 0 0 0 
bperzee1
1 3 0 0 0 3 3 3 0 0 1 0 0 3 0 0 0 0 0 0 0 1 1 1 0 0 0 0 0 1 0 0 3 0 0 1 1 0 0 1 -3 0 -3 1 0 0 5 0 0 0 0 0 0 0 0 0 0 0 0 0 1 0 0 0 0 0 0 -3 1 0 0 0 0 0 0 -3 3 0 0 0 0 -3 0 0 0 0 0 0 1 3 1 0 0 0 0 0 0 0 0 0 0 0 0 0 1 0 1 0 -3 1 0 0 0 3 3 0 1 0 0 0 -3 0 0 0 0 0 3 0 0 1 3 0 0 0 5 0 0 3 0 1 0 0 0 0 0 0 5 1 0 0 1 0 0 0 3 1 1 0 
bkopec4
-5 -3 -5 0 1 0 -3 0 -3 -5 1 -3 0 -3 1 0 1 -3 1 0 -5 5 -5 -3 0 0 -3 1 1 1 1 0 -5 3 3 1 -3 -3 -5 0 3 0 -3 3 1 0 -5 1 -3 3 1 0 -5 0 5 1 0 0 -3 3 1 -3 -5 0 3 1 0 -3 1 -3 0 0 1 0 -3 -3 1 0 3 -3 -5 1 3 1 -3 1 0 -5 3 5 0 -5 0 -3 1 3 0 0 1 3 1 0 -3 -5 -3 0 -5 3 5 1 0 -3 -5 -3 0 -3 0 1 0 0 -3 -5 0 3 5 1 3 0 3 -3 0 -5 1 0 -3 1 0 -3 -5 0 -3 1 -3 0 5 3 0 -3 -3 -3 1 0 -3 1 3 -3 1 -3 
balani3
1 -3 -3 0 0 1 0 -3 0 0 1 0 0 0 0 0 0 0 0 0 0 0 0 0 0 0 0 0 0 0 0 0 0 0 5 -3 0 0 0 0 1 0 0 0 3 0 0 0 0 0 0 0 0 0 0 0 5 3 0 0 0 0 0 0 5 0 0 -3 0 0 0 0 0 0 0 1 -3 0 -3 0 0 0 0 0 0 0 0 0 0 0 0 0 0 0 0 0 -3 0 0 0 1 3 0 0 -5 0 0 1 3 -3 0 0 0 1 1 0 0 0 0 0 0 0 0 3 0 0 0 0 0 0 0 3 0 0 0 0 0 0 0 1 0 0 0 0 0 0 0 -5 0 0 0 0 0 0 0 0 0 0 
Connor
0 1 0 0 0 0 0 0 0 0 0 0 0 0 0 0 0 0 0 0 0 0 0 3 0 0 0 0 0 0 0 0 0 0 0 0 0 0 0 0 0 0 0 0 0 0 0 0 0 0 0 0 0 0 0 0 3 0 0 0 0 0 0 0 0 0 0 3 0 0 0 0 0 0 0 0 5 0 0 0 1 0 0 0 0 0 0 0 0 1 0 0 1 0 0 0 0 0 0 0 0 0 0 0 0 0 0 0 1 0 0 0 0 0 0 0 0 0 0 0 1 0 0 0 0 0 0 0 0 0 0 1 1 0 0 0 0 0 0 3 0 0 0 0 0 0 0 0 0 0 0 0 0 0 1 0 0 0 
derBearJew
3 1 0 0 0 3 5 3 1 0 1 0 1 1 0 5 0 5 1 0 0 -5 0 3 5 5 0 0 0 3 0 0 1 3 0 3 3 3 1 5 3 -5 3 1 5 0 3 5 0 5 3 0 0 0 0 -3 5 5 0 1 3 0 0 0 3 0 0 3 3 -5 0 -3 0 0 1 3 3 0 5 5 0 5 1 0 0 0 1 0 3 0 0 0 0 5 0 0 0 1 0 0 3 0 0 0 0 0 1 0 0 5 0 1 0 5 5 0 5 0 0 0 0 0 0 3 0 1 0 0 5 3 3 3 3 0 5 0 -5 -5 0 3 5 5 0 1 3 0 5 -3 3 0 0 0 5 -3 -5 5 3 5 
smui7
0 0 0 0 0 0 0 0 0 0 0 0 0 0 0 0 0 0 0 0 0 0 0 0 0 0 0 0 0 0 0 0 0 0 0 0 0 0 0 0 0 0 0 0 0 0 0 0 0 0 0 0 0 0 0 0 0 0 0 0 0 0 0 0 0 0 0 0 0 0 0 0 0 0 0 0 0 0 0 0 0 0 0 0 0 0 0 0 0 0 0 0 0 0 0 0 0 0 0 0 0 0 0 0 0 0 0 0 0 0 0 0 0 0 0 0 0 0 0 0 0 0 0 0 0 0 0 0 0 0 0 0 0 0 0 0 0 0 0 0 0 0 0 0 0 0 0 0 0 0 0 0 0 0 0 0 0 0 
Ash
0 3 1 0 0 0 0 0 0 3 0 0 5 3 0 0 0 0 0 0 0 0 0 5 5 0 0 0 0 0 0 0 0 0 0 0 0 0 0 0 3 0 0 0 0 0 0 0 0 0 0 0 0 0 0 0 0 0 3 0 0 0 0 0 0 0 0 5 0 0 0 0 0 1 0 0 0 0 0 0 0 0 0 0 0 0 0 0 3 1 0 0 3 0 0 0 0 0 0 0 0 0 0 0 3 0 0 0 0 0 0 0 0 0 0 0 0 0 0 0 0 0 0 0 0 0 0 0 0 0 0 0 0 0 0 0 0 1 0 5 0 0 0 0 0 0 0 3 0 0 0 0 0 5 1 1 0 0 
max
0 1 0 0 0 1 0 0 0 0 1 0 0 1 0 0 0 0 0 0 0 0 0 0 0 0 0 0 0 0 0 0 0 0 0 3 1 0 0 0 0 0 0 0 0 0 0 0 0 0 0 0 0 0 0 0 3 0 0 0 0 0 0 0 0 0 0 1 0 0 0 0 0 0 0 0 0 0 0 0 1 1 0 0 0 0 0 0 1 0 0 0 0 0 0 0 0 0 0 0 0 0 0 0 1 0 0 0 0 0 0 0 0 1 1 0 0 0 0 0 1 0 0 3 0 0 0 0 0 0 1 0 0 0 0 0 0 0 0 1 0 0 0 0 0 0 0 0 0 0 0 0 0 0 1 0 0 0 
Tapan
0 0 0 0 0 0 0 0 0 0 0 0 0 0 0 0 0 0 0 0 0 0 0 0 0 0 0 0 0 0 0 0 0 0 0 0 0 0 0 0 0 0 0 0 0 0 0 0 0 0 0 0 0 0 0 0 0 0 0 0 0 0 0 0 0 0 0 0 0 0 0 0 0 0 0 0 0 0 0 0 0 0 0 0 0 0 0 0 0 0 0 0 0 0 0 0 0 0 0 0 0 0 0 0 0 0 0 0 0 0 0 0 0 0 0 0 0 0 0 0 0 0 0 0 0 0 0 0 0 0 0 0 0 0 0 0 0 0 0 0 0 0 0 0 0 0 0 0 0 0 0 0 0 0 0 0 0 0 
leedallas
3 -3 0 0 0 0 0 0 0 0 -3 0 0 0 5 0 0 0 0 0 0 0 0 0 1 -3 0 -3 0 0 0 -3 0 5 0 -3 0 0 0 0 0 0 -3 0 1 3 0 5 0 0 0 0 0 0 0 0 3 5 0 0 0 0 0 0 0 0 0 0 0 0 0 -3 0 0 0 3 0 0 3 -3 3 0 0 0 0 5 0 3 5 0 0 0 0 3 0 0 0 0 0 0 0 0 5 3 0 0 0 1 -3 0 0 0 0 5 5 0 0 0 0 0 0 0 0 -3 0 0 0 5 0 0 0 1 0 0 0 3 5 -3 3 0 5 0 0 0 -3 5 0 0 3 5 5 0 5 -3 0 5 1 0 
Kaif
0 1 1 0 0 0 0 0 0 0 0 1 1 5 0 0 0 0 0 0 0 1 1 0 0 0 0 0 0 0 0 0 0 0 0 0 0 0 0 1 1 0 0 0 0 0 0 0 0 0 1 3 0 0 1 0 0 0 0 0 0 0 0 1 0 1 1 1 1 0 0 0 0 0 1 1 0 0 1 0 0 0 0 0 0 0 0 1 0 0 1 0 0 0 3 3 1 1 0 0 0 0 1 0 0 5 0 0 0 0 0 5 0 0 0 0 0 0 0 1 5 3 0 1 0 1 1 0 0 0 1 0 1 0 0 0 0 1 1 1 1 0 0 0 0 1 0 0 0 1 1 1 0 0 0 0 0 0 
amandaa2
3 3 0 0 3 1 3 3 0 3 0 3 1 1 0 0 0 0 0 0 0 5 5 5 0 5 3 0 0 1 5 0 5 0 0 -3 5 0 0 1 5 1 1 1 3 0 1 5 1 0 0 0 0 0 0 0 0 3 0 0 3 3 5 0 5 0 0 5 5 0 0 0 0 0 5 0 0 0 0 0 0 0 0 5 0 5 0 0 3 3 0 0 0 0 0 -3 5 0 5 0 3 0 0 0 1 0 0 5 1 0 0 -3 0 0 0 0 3 5 5 5 3 5 5 5 0 0 -3 0 5 5 -3 1 0 0 5 0 0 5 5 5 0 0 3 0 0 0 3 5 0 0 0 0 0 0 3 0 0 0 
celery
1 1 0 0 0 0 0 0 1 0 1 1 1 3 0 0 0 0 0 0 0 1 0 0 0 0 1 0 3 0 1 0 0 0 0 1 5 0 0 3 3 0 0 0 1 0 1 0 0 0 0 0 0 0 0 0 0 1 1 0 0 0 0 0 0 0 0 3 3 0 0 0 0 0 0 0 0 0 0 0 0 0 0 0 0 0 0 0 0 1 0 0 1 0 0 0 0 0 0 0 0 0 0 0 3 0 1 0 0 0 0 0 0 0 0 0 5 1 0 0 1 0 1 1 0 3 1 0 0 0 0 3 0 0 5 0 0 0 0 3 0 0 0 0 0 0 3 1 0 0 0 0 0 0 1 3 1 0 
Adelina Carr
0 3 5 0 0 5 0 3 0 5 5 5 3 5 0 0 0 0 0 0 0 3 0 0 0 0 0 0 3 3 5 0 5 0 0 5 3 0 3 5 3 0 5 0 5 0 3 3 0 0 0 0 0 3 0 0 3 0 0 0 5 0 0 0 0 0 0 5 3 1 0 0 0 0 0 3 0 0 0 0 5 5 0 5 0 0 3 0 5 3 0 0 0 0 0 0 0 0 0 0 3 0 0 0 3 0 5 0 5 5 0 0 0 0 0 0 5 3 0 0 0 0 3 3 0 0 1 0 0 0 5 5 5 0 3 0 0 5 0 3 5 0 3 5 3 0 0 5 5 0 5 5 0 0 0 0 0 0 
hgoel3
0 0 0 0 0 0 0 0 0 0 0 1 0 1 0 0 0 0 0 0 0 0 0 1 0 0 0 0 0 0 0 0 0 0 0 0 0 0 0 0 0 0 0 0 0 0 0 0 0 0 0 0 0 0 0 0 0 0 0 0 0 0 0 0 0 0 0 0 0 0 0 0 0 0 0 0 0 0 1 0 0 0 0 0 0 0 0 0 0 0 0 0 0 0 0 1 0 0 0 0 0 0 0 0 0 0 0 0 0 0 0 1 0 0 0 0 0 0 0 0 0 0 0 0 0 0 0 0 0 0 3 0 0 0 0 0 0 0 0 0 0 0 0 0 0 0 0 0 0 0 0 0 0 0 0 0 0 0 
jmejia35
3 1 1 1 1 1 1 -3 0 0 0 3 0 1 0 1 0 1 0 0 0 0 0 5 0 0 0 0 1 0 0 1 0 0 0 0 0 1 0 0 1 0 0 0 0 0 3 0 1 0 0 0 0 0 0 0 0 0 0 0 0 0 0 0 0 0 0 1 -3 0 0 3 0 0 0 0 0 0 0 0 0 0 0 0 0 0 0 0 0 0 0 0 0 0 0 0 0 0 0 0 5 0 0 0 -3 0 0 0 0 1 0 0 -3 0 0 0 0 0 0 0 0 0 0 3 0 3 -3 0 0 1 3 5 0 5 3 0 5 0 3 0 0 0 0 0 0 0 0 3 0 0 0 0 0 1 0 5 0 0 
Siham Shweikani
0 1 1 0 0 0 1 0 0 0 0 1 1 5 0 1 0 0 1 0 3 3 0 0 0 0 0 0 0 1 0 0 1 0 0 3 0 0 0 1 0 0 3 0 0 0 5 0 0 0 0 0 0 0 1 0 0 0 0 0 0 0 1 0 0 0 0 1 0 1 0 0 1 0 0 0 5 0 0 0 0 0 0 0 0 0 0 0 0 1 0 0 0 0 0 0 0 0 0 0 0 0 0 0 0 0 0 0 0 0 0 0 0 0 0 0 0 0 0 0 1 0 0 0 0 0 0 0 0 0 5 0 0 0 0 0 0 0 0 0 0 0 0 0 0 0 0 0 0 0 0 0 0 0 0 0 0 0 
abarbo8
5 0 0 0 0 0 0 5 0 0 0 0 0 0 0 0 0 0 0 0 0 0 0 5 0 0 0 0 0 5 0 0 0 0 0 0 5 0 0 0 0 0 0 0 0 0 0 0 0 0 0 0 0 0 0 0 5 0 0 0 0 0 0 0 5 0 0 5 0 5 0 0 0 0 0 0 5 0 0 0 0 0 0 0 0 0 0 0 5 0 0 0 0 0 0 0 0 0 0 0 5 0 0 0 0 0 0 0 0 0 0 0 0 0 0 0 0 0 0 0 0 0 0 5 0 0 0 0 0 0 0 5 0 0 0 0 0 0 0 0 0 0 0 0 0 0 5 0 0 0 0 0 0 0 0 0 5 0 
spate593
0 0 0 0 0 0 0 0 0 0 0 0 0 0 0 0 0 0 0 0 0 0 0 0 0 0 0 0 0 0 0 0 0 0 0 0 0 0 0 0 0 0 0 0 0 0 0 0 0 0 0 0 0 0 0 0 0 0 0 0 0 0 0 0 0 0 0 0 0 0 0 0 0 0 0 0 0 0 0 0 0 1 0 0 0 0 0 0 0 0 1 1 0 -3 0 1 0 0 -3 -3 1 0 0 0 0 0 0 0 0 0 0 0 0 0 0 0 0 -3 0 0 0 0 -3 0 1 0 0 1 0 0 0 0 0 1 0 0 1 1 0 0 -3 -3 1 0 1 -3 0 -3 -3 -3 -3 -3 -3 -3 0 0 0 0 
ivanmz2
0 0 0 0 0 3 0 1 0 0 5 0 0 0 0 0 0 0 0 0 0 0 0 1 0 0 0 3 0 3 0 0 0 0 0 1 0 0 0 0 0 0 0 0 5 0 0 0 0 0 0 0 0 0 0 0 0 0 0 0 3 0 0 0 0 0 0 1 1 -3 0 3 0 0 0 3 1 0 5 0 1 0 0 0 0 0 0 0 3 0 0 0 0 0 0 0 0 0 0 0 1 0 0 0 -3 0 0 0 1 0 0 0 0 3 3 0 0 0 0 0 0 0 0 1 0 0 0 0 0 0 0 3 0 0 1 0 0 1 0 1 0 0 0 0 3 0 0 -3 0 0 1 0 0 1 0 0 3 0 
Billybside
0 0 0 0 0 0 0 0 0 0 0 0 0 0 0 0 0 0 0 0 0 0 0 0 0 0 0 0 0 0 0 0 0 0 0 0 0 0 0 0 0 0 0 0 0 0 1 0 0 0 0 0 0 0 0 0 0 0 0 0 -3 1 0 0 1 -3 -3 0 1 0 0 0 0 0 0 0 0 0 0 0 0 0 0 -3 1 -3 -3 0 0 1 0 0 1 0 0 0 0 0 0 0 0 0 0 0 0 0 0 0 0 0 0 0 0 0 0 0 0 0 0 0 0 0 0 0 0 0 0 0 0 0 1 0 0 0 0 0 0 0 0 0 0 0 0 0 0 0 0 0 0 0 0 0 0 0 0 1 1 -3 
agalle26
0 1 0 0 0 3 0 3 0 0 -3 0 0 1 0 0 0 0 0 0 0 0 5 3 0 0 0 0 0 -3 -3 0 0 0 3 3 5 0 0 0 1 0 1 0 3 0 -3 0 0 0 0 0 0 0 0 0 5 3 0 0 5 0 5 1 5 0 0 5 5 5 0 0 0 0 0 3 5 0 1 0 -5 3 0 1 0 0 0 0 3 3 0 0 0 0 0 0 3 0 0 0 5 0 0 0 3 0 0 0 -5 0 0 0 0 1 1 0 5 0 3 0 5 0 0 3 0 -3 0 0 0 0 0 3 -3 0 0 0 0 3 0 3 0 0 1 0 0 0 0 -5 0 0 0 0 0 0 1 0 0 1 
nyauh
3 1 0 0 0 1 3 5 3 0 1 -3 -3 -3 0 0 0 1 0 0 0 0 0 0 0 0 0 0 0 -3 0 0 1 0 -3 1 3 0 0 1 -3 1 -5 0 1 0 -5 0 0 0 0 0 0 0 0 0 5 -3 0 0 -5 0 0 0 0 0 0 0 -3 0 0 0 0 0 3 5 1 0 0 0 0 0 0 0 0 0 0 0 3 -5 0 0 0 0 0 0 1 0 0 0 0 0 0 0 -5 0 0 0 0 0 0 0 0 3 3 0 -3 5 5 0 -3 0 0 5 0 0 3 0 0 5 3 3 0 0 3 0 0 5 0 -5 0 5 -3 0 0 0 0 1 0 0 0 0 0 0 1 0 0 0 
Sabber
3 1 -3 0 0 1 3 1 1 0 3 1 0 1 0 -3 0 0 0 0 0 0 0 0 0 0 0 0 0 0 0 0 5 0 0 3 3 0 0 1 1 0 0 0 3 0 3 0 0 0 0 0 0 0 0 0 5 5 0 0 3 0 0 0 0 0 0 3 3 3 0 0 0 0 0 3 0 0 3 0 3 0 0 0 0 0 0 0 3 0 0 0 3 1 0 0 0 0 0 0 0 0 0 0 3 0 0 0 3 0 0 1 0 5 5 0 0 0 0 0 3 0 0 3 0 1 0 0 0 0 0 1 0 0 0 1 0 3 0 3 0 0 0 0 1 0 0 1 0 0 0 0 0 0 0 0 0 0 
eplesa2
0 -3 -3 0 0 1 1 1 0 0 5 1 0 0 0 0 0 0 0 0 0 0 0 3 3 0 0 0 0 1 0 0 3 0 0 5 5 0 0 0 1 0 1 1 5 0 -3 5 0 0 0 0 0 0 0 0 5 1 0 0 3 0 0 0 5 0 0 5 3 0 0 0 0 0 0 5 0 0 5 0 5 5 0 0 0 0 0 0 5 0 0 0 0 0 0 0 0 0 0 0 5 0 0 0 5 0 0 0 3 0 0 3 0 5 5 0 0 3 0 0 0 0 0 0 0 0 0 0 0 0 -3 3 1 0 0 0 1 1 0 5 0 3 3 0 5 0 3 5 1 0 3 0 0 0 0 1 5 0 
Nik
0 0 0 0 0 0 0 0 0 0 3 5 0 1 0 1 0 0 0 0 1 0 0 0 0 0 0 0 0 3 0 0 0 0 0 0 0 0 0 0 0 0 0 0 0 0 0 0 5 1 0 0 0 0 0 0 3 3 0 0 0 0 0 1 0 0 0 1 0 0 0 0 0 0 0 0 5 0 0 0 0 0 3 0 0 0 0 0 0 0 0 0 0 0 0 0 0 0 0 0 0 0 0 0 0 0 0 0 0 0 0 1 0 5 5 0 0 0 0 0 0 0 0 0 0 0 0 0 0 0 0 1 0 3 1 0 0 1 0 0 0 0 0 0 0 0 3 0 0 3 0 0 0 0 0 0 0 3 
u676621931
3 -3 -3 0 0 1 3 -3 -3 0 0 1 -3 0 0 0 0 0 0 0 0 1 0 -3 5 1 0 0 0 0 0 3 5 0 3 3 0 0 0 3 1 0 0 0 1 0 1 3 0 0 0 0 0 0 0 0 0 5 0 0 3 3 0 0 0 0 0 1 -3 0 0 0 0 0 0 5 0 0 3 0 0 0 0 0 0 5 0 0 3 0 0 0 0 0 0 0 0 0 0 0 0 0 0 0 0 0 0 5 1 0 0 0 0 3 3 0 3 5 5 0 -5 5 0 0 0 0 0 0 0 0 0 0 0 0 0 0 0 0 0 1 0 0 3 0 0 0 0 -3 0 0 0 0 0 0 -3 0 0 0 
bsavic3
1 3 3 5 3 1 1 1 -3 1 1 1 -3 1 0 1 0 5 0 0 0 1 0 0 0 0 0 3 0 -3 0 0 1 0 0 -5 0 5 0 1 1 0 1 0 3 0 -3 0 5 5 0 0 0 0 0 0 3 1 0 0 0 0 0 0 5 0 0 1 3 -3 0 -5 -3 0 5 5 3 0 3 0 3 1 5 -3 0 0 -3 1 1 1 0 0 0 3 0 0 5 0 0 0 1 0 0 0 1 0 0 0 1 1 0 1 0 3 3 0 -3 0 0 1 1 0 1 3 0 0 0 0 0 3 -5 3 0 5 1 0 1 3 0 1 0 5 -3 0 0 0 1 0 1 0 0 0 0 0 0 1 1 0 
Afifa
0 0 0 0 0 0 0 0 0 0 0 0 0 0 0 0 0 0 0 0 0 0 0 0 0 0 0 0 0 0 0 0 0 0 0 0 0 0 0 0 0 0 0 0 0 0 0 0 0 0 0 0 0 0 0 0 0 0 0 0 0 0 0 0 0 0 0 0 0 0 0 0 0 0 0 0 0 0 0 0 0 0 0 0 0 0 0 0 0 0 0 0 0 0 0 0 0 0 0 0 0 0 0 0 0 0 0 0 0 0 0 0 0 0 0 0 0 0 0 0 0 0 0 0 0 0 0 0 0 0 0 0 0 0 0 0 0 0 0 0 0 0 0 0 0 0 0 0 0 0 0 0 0 0 0 0 0 0 
lamnguyen23
0 -3 0 0 0 5 3 0 0 0 0 3 0 1 0 0 0 0 0 3 0 0 0 3 0 0 0 0 0 5 0 0 0 0 0 0 0 0 0 0 0 0 0 0 0 0 0 0 0 0 0 0 0 0 3 0 0 0 0 0 0 0 0 0 0 0 0 0 0 0 0 0 0 0 0 0 3 0 0 0 -3 0 0 0 0 0 0 0 5 -3 0 0 -3 0 0 0 0 0 0 0 1 0 0 0 0 0 0 0 -3 0 0 0 0 5 5 0 0 0 0 0 0 0 0 0 0 0 0 0 0 0 3 1 0 0 0 0 0 0 0 0 0 0 0 0 0 0 0 0 0 0 -3 0 0 0 0 0 5 0 
Viktor Voytanovych
1 5 0 0 0 0 0 3 0 0 5 0 3 5 0 0 0 0 0 0 0 3 0 3 0 5 0 0 0 5 3 0 0 0 0 5 5 1 0 3 5 0 0 0 3 0 0 0 0 0 0 0 0 0 0 0 5 0 1 0 1 0 0 3 0 0 0 5 5 0 0 0 0 0 0 3 5 0 0 0 1 0 0 0 0 0 0 0 5 3 0 0 0 0 0 0 5 0 0 0 0 0 0 0 3 0 5 0 0 0 0 0 0 5 5 0 3 0 0 0 0 0 0 5 0 0 0 0 5 0 3 0 0 5 5 0 0 5 0 5 0 0 0 0 0 0 5 1 0 0 0 0 0 0 3 0 5 0 
ccolem25
3 -5 -5 -5 0 0 -5 -5 -5 0 0 0 0 0 0 0 0 1 0 0 0 0 0 0 0 0 0 0 0 5 0 0 0 0 0 0 0 0 0 0 1 5 0 0 5 0 0 0 3 3 0 0 0 0 0 0 5 3 0 0 5 0 -5 -5 5 0 -5 1 1 0 0 0 -5 -5 1 0 5 0 0 0 1 0 1 1 0 0 0 5 0 0 0 0 0 5 0 0 1 0 -5 -5 -5 -5 -5 -5 -5 0 1 0 0 5 0 0 0 0 0 0 0 0 0 0 -5 5 0 5 0 -5 -5 0 0 5 0 3 0 5 -5 1 0 0 0 1 0 0 0 0 0 0 1 0 0 0 0 0 0 1 -5 1 1 0 
arafac3
1 -3 0 0 0 5 5 -3 0 0 1 0 0 0 0 0 0 0 0 0 0 0 0 1 0 0 0 0 0 0 0 0 5 0 0 3 1 0 0 0 0 0 0 0 0 0 0 0 0 0 0 0 0 0 0 0 3 0 0 0 3 0 0 0 0 0 0 1 1 0 0 0 0 0 0 3 5 0 3 0 0 1 0 0 0 0 0 0 5 0 0 0 0 0 0 0 0 0 0 0 1 0 0 0 1 0 0 0 1 0 0 0 0 1 5 0 0 0 0 0 0 0 0 3 0 0 -3 0 0 0 0 0 0 0 3 0 0 3 0 0 0 0 0 5 3 0 5 3 0 0 0 0 0 0 1 3 5 0 
nahom
3 1 1 1 1 5 1 1 1 1 0 5 1 5 0 0 0 0 0 0 0 5 1 0 0 0 0 0 0 0 1 1 0 1 0 0 0 0 0 0 5 0 0 0 0 0 1 0 0 0 1 0 0 0 1 0 0 0 0 0 0 0 0 0 5 0 0 5 3 5 0 0 3 3 0 0 0 0 0 0 0 0 0 0 0 0 0 0 1 3 0 0 5 1 0 0 0 0 0 0 3 0 0 0 1 0 0 0 0 0 0 3 1 0 0 0 0 0 0 0 3 0 0 0 0 1 1 0 0 0 1 5 1 0 0 1 0 1 0 5 0 0 0 0 0 0 0 5 0 0 0 0 0 0 3 3 1 0 
DarkRedLion
0 3 0 0 0 1 1 0 0 0 3 0 0 0 0 0 0 0 0 0 0 0 0 0 0 0 0 0 0 3 0 0 3 0 0 0 0 0 0 0 3 1 0 0 5 0 0 0 0 0 0 0 0 0 0 0 3 0 3 0 1 0 0 0 3 0 0 5 3 3 0 0 0 0 0 5 0 0 3 0 5 -3 0 1 0 0 0 0 5 0 0 0 0 0 0 0 0 0 0 0 0 0 0 0 1 0 0 0 3 0 0 0 0 5 5 0 0 0 0 0 1 0 0 3 0 0 0 3 0 0 0 0 0 0 0 0 0 1 0 -3 0 0 0 0 0 0 0 -3 0 0 0 0 0 0 0 0 5 -3 
aditya
0 1 0 0 1 0 0 3 0 0 0 5 0 5 0 0 0 0 3 0 1 0 0 5 5 0 0 0 0 5 3 0 0 0 0 5 5 5 5 5 5 5 5 0 5 0 5 0 0 0 0 0 0 0 5 0 3 5 5 5 5 0 0 0 0 0 0 0 0 0 0 1 0 1 0 5 5 5 5 0 0 0 0 0 0 0 0 0 5 -3 0 0 5 0 0 0 0 5 -3 -5 5 0 0 0 5 0 0 0 0 0 -3 5 -5 -5 0 0 -5 0 0 0 3 0 -5 5 0 5 5 0 0 0 5 5 3 0 5 0 0 1 0 5 0 0 0 5 0 0 5 3 -3 0 0 0 0 1 -5 0 3 0 
fish123
1 3 3 3 0 3 3 3 3 0 3 3 3 3 3 0 3 3 1 0 0 3 1 3 3 0 1 0 0 3 3 3 0 3 0 3 3 3 3 3 3 3 3 3 1 0 3 0 0 0 3 0 0 0 1 0 3 3 3 1 3 1 0 0 3 1 3 3 3 3 3 0 3 3 5 0 5 0 1 0 3 0 3 3 0 3 0 0 3 3 0 0 3 0 0 3 5 0 0 0 5 0 3 0 3 0 5 3 3 3 0 3 3 3 3 0 3 1 3 1 3 3 3 3 0 3 3 0 0 5 5 5 0 0 5 0 1 3 0 5 0 1 3 3 0 0 3 5 3 0 1 0 0 0 3 1 1 0 
cdearm2
0 1 0 0 0 1 0 1 0 1 1 0 1 0 0 1 0 1 1 1 5 1 1 3 0 -3 1 1 -3 -3 0 1 -3 3 1 5 -3 1 0 5 3 3 5 -3 1 1 3 0 0 1 3 0 0 3 -3 3 -3 0 3 3 -3 -3 3 -3 1 3 -3 1 0 3 3 -3 1 -3 1 -3 1 0 -3 1 1 -3 -3 1 1 0 5 1 1 3 0 3 0 -3 3 3 -3 1 1 -3 1 1 0 0 3 3 0 3 3 1 -3 1 1 -3 3 1 0 1 -3 1 3 5 1 3 0 3 5 5 5 1 3 0 3 0 1 1 -3 -3 1 3 1 0 1 1 0 1 1 1 0 1 1 0 1 1 3 3 1 0 
ksavat2
0 0 5 0 0 0 0 5 0 0 0 0 0 5 0 0 0 0 0 0 0 0 0 5 0 0 0 0 0 0 0 0 0 0 0 0 3 0 0 0 1 0 0 0 0 0 0 0 0 0 0 0 0 0 0 0 0 0 0 0 1 0 0 0 0 0 0 3 1 0 0 0 0 0 0 0 0 0 0 0 0 0 0 0 0 0 0 0 0 0 0 0 0 0 0 0 0 0 0 0 1 0 0 0 1 0 0 0 0 0 0 0 0 0 0 0 0 0 0 0 1 0 0 0 0 0 0 0 0 0 0 0 0 0 0 0 0 0 0 1 0 0 0 0 0 0 0 3 0 0 0 0 0 0 3 0 0 0 
Alejandro
0 0 0 0 0 1 0 1 0 0 0 0 0 3 0 0 0 0 0 0 0 0 0 5 0 0 0 0 0 0 0 0 0 0 0 3 3 0 0 1 0 0 0 1 0 0 0 0 0 0 0 0 0 0 0 0 0 0 0 0 5 0 0 0 0 0 0 3 1 1 0 0 1 0 0 0 0 0 0 0 1 0 0 0 0 0 0 0 3 1 0 0 0 0 0 3 0 0 0 0 5 0 0 0 1 0 0 0 0 0 0 3 0 0 1 0 0 0 0 0 0 0 0 0 0 0 0 0 0 0 0 5 0 0 0 0 0 1 0 3 0 0 0 0 0 0 0 1 0 0 0 0 0 0 3 0 0 0 
mle30
0 5 0 0 0 0 0 0 0 0 0 0 3 5 0 0 0 0 0 0 0 0 0 3 0 0 0 0 0 0 0 0 0 0 0 0 5 0 0 0 0 0 3 0 0 0 0 0 0 0 0 0 0 0 0 0 3 0 0 0 5 0 0 0 0 0 0 5 5 0 0 0 0 0 0 1 1 0 0 0 3 0 0 0 0 0 0 0 0 5 0 0 0 0 0 3 0 0 0 0 0 0 0 0 5 0 0 0 3 0 0 0 0 0 0 0 0 0 0 0 1 0 3 3 0 0 5 0 0 0 0 3 0 0 0 0 0 5 0 5 0 0 0 0 0 0 3 5 0 0 -3 0 0 0 5 0 0 0 
Sheghi1000
0 0 0 0 0 0 0 -5 0 0 0 0 -5 0 0 0 0 0 0 0 0 0 0 5 0 0 0 0 0 0 0 0 0 0 0 0 0 0 0 0 0 0 0 0 0 0 5 0 0 0 0 0 0 0 0 0 0 0 0 0 0 0 0 0 0 0 0 -5 -5 -5 0 0 0 0 0 0 0 0 0 0 0 0 0 0 0 0 0 0 0 1 0 0 0 0 0 0 0 0 0 0 0 0 0 0 -5 0 0 0 0 0 0 0 0 0 0 0 0 0 0 0 0 0 5 0 0 0 1 0 0 0 5 -3 0 0 0 0 0 0 0 -3 0 0 0 0 0 0 0 0 0 0 0 0 0 0 1 0 0 0 
Karaziwanc
0 0 0 0 0 0 0 0 0 0 0 0 0 0 0 0 0 0 0 0 0 0 0 0 0 0 0 0 0 0 0 0 0 0 0 0 0 0 0 0 0 0 0 0 0 0 0 0 0 0 0 0 0 0 0 0 0 0 0 0 0 0 0 0 5 0 0 0 0 0 0 0 0 0 0 5 5 0 0 5 0 0 3 0 0 0 0 0 0 0 0 0 0 0 0 0 3 0 0 0 0 0 0 0 0 0 0 0 0 0 0 0 0 0 0 0 0 0 0 0 0 0 0 5 0 0 0 0 5 0 0 0 0 5 0 0 0 0 0 0 0 0 0 0 0 0 0 0 0 0 0 0 0 0 0 0 0 0 
ccedge2
0 1 0 0 0 0 0 0 0 0 0 0 0 0 0 0 0 0 0 0 0 0 0 3 0 0 0 0 0 0 0 0 0 0 0 0 5 0 0 0 1 0 0 0 0 0 0 0 0 0 0 0 0 0 1 0 0 0 0 0 5 0 0 0 0 0 0 0 3 0 0 0 0 1 0 0 0 0 0 0 1 0 0 1 0 0 0 0 0 1 0 0 0 0 0 0 0 0 0 0 5 0 0 0 1 0 1 0 0 3 0 0 0 0 0 0 0 0 0 0 1 0 0 5 0 0 0 0 0 0 0 1 5 0 0 0 0 1 0 3 0 0 0 1 0 0 1 1 0 0 0 0 0 0 0 0 0 0 
qkarp2
3 -3 -3 0 0 5 5 0 0 0 5 5 0 5 0 0 0 0 0 0 0 0 0 0 5 3 0 -3 -3 -3 0 1 3 5 5 5 3 0 1 -3 1 -3 1 1 -3 0 3 5 1 1 -3 -3 0 0 0 0 5 1 0 0 0 1 0 5 0 0 3 -5 1 5 0 -3 -3 0 0 1 3 0 1 1 1 -3 0 0 0 1 0 3 1 1 0 0 0 0 0 0 0 0 0 0 0 0 3 5 -3 0 0 3 0 0 0 3 0 3 3 0 1 0 3 1 -3 1 0 5 0 1 -3 0 1 0 1 1 0 3 3 3 -3 1 1 1 0 1 1 0 3 1 1 -5 0 0 1 0 0 -3 1 1 1 0 
bestra8
5 3 0 0 0 5 3 0 0 0 5 0 0 0 0 0 0 0 0 0 0 0 0 5 0 0 0 0 0 0 0 0 0 0 0 5 0 0 0 1 3 0 0 0 0 0 0 0 0 0 0 1 1 0 0 0 0 0 0 0 0 0 0 0 0 0 0 5 5 0 0 0 3 0 0 0 0 0 0 0 0 0 0 0 0 0 0 1 0 3 0 0 3 0 0 0 0 0 0 0 5 0 0 0 5 0 0 0 1 0 0 0 0 5 5 0 0 0 0 0 0 0 0 0 0 0 1 0 0 0 5 5 0 0 0 0 0 0 0 0 0 0 0 0 0 0 3 3 0 0 0 0 0 0 3 5 0 0 
hpate94
1 5 5 0 1 0 0 3 0 0 0 1 0 3 1 1 1 0 0 0 0 3 0 0 0 1 1 1 0 0 0 5 0 0 0 0 1 0 0 0 5 0 1 0 0 1 0 0 0 0 0 0 1 0 0 0 0 1 0 0 0 3 0 0 0 0 0 0 5 0 0 0 0 5 0 0 0 0 0 0 0 0 0 0 0 0 0 0 0 5 0 0 5 3 0 0 0 0 0 0 5 0 0 0 5 0 0 0 3 0 0 0 5 0 0 0 0 0 0 3 5 1 3 5 0 0 5 0 0 0 0 3 1 0 0 0 3 5 3 5 1 0 0 0 0 0 0 5 1 1 1 0 0 1 5 3 0 1 
Tameem
0 1 0 0 0 3 0 0 0 0 1 0 0 0 0 3 0 0 0 0 0 0 0 0 0 0 0 0 0 1 0 0 0 0 0 0 0 0 0 0 0 0 0 0 0 0 1 0 3 0 0 0 0 0 0 0 1 0 0 0 0 0 0 0 0 0 0 0 1 0 0 0 0 0 5 0 5 0 0 0 0 0 5 0 0 0 0 0 5 0 0 0 0 0 0 0 0 0 0 0 0 0 0 0 1 0 0 0 0 0 0 0 0 0 0 0 0 0 0 0 0 0 0 0 0 0 0 0 0 3 1 0 0 3 5 0 0 0 0 0 0 3 0 0 0 0 5 0 0 0 0 0 0 0 0 0 0 0 
nsotom3
1 1 -3 1 1 5 1 1 0 0 5 1 0 0 0 1 0 1 0 0 1 -3 0 -3 1 5 5 1 0 1 0 1 0 1 0 1 1 0 0 1 1 1 1 0 3 0 1 3 5 1 0 0 0 0 1 0 5 5 1 0 -3 1 0 -3 0 0 0 1 -3 -3 0 0 0 -3 5 5 3 0 3 3 -3 0 3 0 0 1 0 1 1 -3 0 0 1 1 0 0 5 0 1 0 1 0 0 1 -5 0 1 5 0 0 0 1 -3 1 1 0 -3 1 1 1 -3 1 0 5 0 1 -3 0 5 3 1 1 0 5 5 1 1 0 1 1 0 5 1 1 1 0 5 1 0 0 -3 0 0 1 -3 1 1 0 
JohnML3
1 3 0 0 0 3 1 -5 0 0 1 3 3 3 0 0 0 0 0 0 0 1 0 -3 0 0 0 0 0 0 0 0 1 0 0 3 3 0 0 5 1 0 0 0 0 0 0 0 1 0 0 0 0 0 0 0 5 1 0 0 3 3 0 3 5 0 0 3 1 1 0 0 0 -3 0 0 3 0 1 0 0 0 0 0 0 3 0 0 1 -3 0 0 -3 0 0 0 0 0 0 0 5 0 0 0 -3 0 0 5 -3 0 0 -3 -5 -3 -3 0 1 0 3 0 -3 3 -5 5 0 1 -3 0 5 1 3 3 1 0 3 0 0 3 0 3 0 0 0 0 0 0 1 -3 0 0 0 0 0 0 -3 0 0 0 
tlee91
3 1 0 0 0 1 3 3 0 5 3 5 0 5 0 0 0 0 0 0 0 0 0 3 3 0 0 0 0 0 0 0 3 0 1 0 3 0 0 5 1 0 0 5 0 0 0 0 0 0 0 0 0 0 3 5 1 0 0 0 5 0 0 0 0 0 0 3 1 1 0 0 3 0 0 5 0 0 5 0 -3 0 0 0 0 0 0 0 5 1 0 0 0 0 0 0 0 0 0 0 3 0 0 0 1 0 0 0 0 0 0 5 0 0 0 0 1 0 0 0 0 1 0 3 0 0 1 0 5 0 3 1 0 0 0 0 0 1 0 1 0 0 5 1 0 0 5 3 0 0 0 0 0 5 1 1 5 0 
kahmed28
0 3 0 0 0 0 0 0 0 0 0 0 0 0 0 0 0 0 0 0 0 0 0 0 0 0 0 0 0 0 0 0 0 0 0 0 0 0 0 0 5 0 0 0 0 0 0 0 0 0 0 0 0 0 0 0 0 0 0 0 0 0 0 0 0 0 0 0 0 0 0 0 0 0 0 0 0 0 0 0 0 0 0 0 0 0 0 0 0 0 0 0 0 0 0 0 0 0 0 0 0 0 0 0 0 0 0 0 0 0 0 0 0 0 0 0 0 0 0 0 0 0 0 0 0 0 0 0 0 0 0 0 0 0 0 0 0 0 0 5 0 0 0 0 0 0 0 0 0 0 0 0 0 0 0 0 0 0 
Dakka
3 3 3 0 1 5 5 1 1 1 3 1 1 0 0 3 0 0 0 0 1 3 0 -3 3 3 0 -3 -3 3 3 0 5 -3 5 5 -5 3 -3 3 3 1 3 3 3 0 3 0 0 0 0 0 3 0 0 0 3 1 0 0 -3 0 0 3 0 -3 3 5 -3 3 0 0 1 -3 0 3 0 0 3 3 3 3 1 0 0 3 0 5 3 -3 0 0 1 1 0 0 0 0 0 0 0 0 0 0 -5 0 0 3 3 3 0 3 0 3 3 0 -3 0 0 3 -5 0 1 -3 0 1 -3 0 3 0 3 1 3 3 0 3 0 3 3 3 5 3 3 3 1 0 0 0 0 0 0 0 3 1 -3 3 3 0 
irbi1
3 5 1 0 0 5 1 5 0 0 5 0 0 5 0 0 0 0 0 0 0 1 0 5 0 0 0 0 0 5 0 0 3 0 1 0 5 0 0 5 5 0 5 0 0 1 0 0 0 0 0 0 0 0 0 0 5 5 0 0 5 0 0 0 5 0 0 5 5 0 0 0 1 0 0 0 5 0 0 0 5 5 0 0 0 0 0 0 5 5 0 0 1 0 0 0 0 0 0 0 1 0 0 0 5 0 0 1 5 0 0 1 0 0 0 0 0 0 1 0 1 0 0 5 0 0 5 0 0 0 0 1 0 0 5 0 0 1 0 5 0 0 0 0 1 0 1 5 0 0 1 0 0 0 5 3 5 0 
cgoodw3
3 1 1 0 0 5 5 1 0 0 3 0 0 0 0 0 0 0 0 0 0 1 0 3 0 0 0 5 0 0 0 0 5 0 0 3 3 0 0 3 0 0 0 3 0 0 0 0 0 0 0 0 0 0 0 0 3 0 0 0 3 0 0 0 5 0 0 0 0 0 0 3 0 0 0 5 0 0 3 0 0 0 0 0 0 0 0 0 3 0 0 0 0 0 0 0 0 0 0 0 1 0 0 0 3 0 0 0 0 0 0 0 0 3 3 0 0 0 0 0 0 0 0 3 0 0 0 5 3 3 0 5 0 0 5 0 5 3 0 3 0 0 0 3 5 0 0 0 0 0 0 0 0 3 0 5 1 0 
universalbutterfly
0 -3 -3 0 0 0 0 1 0 0 1 0 0 3 0 0 0 0 0 0 0 3 0 3 0 0 0 0 0 3 3 0 0 0 0 0 0 0 0 0 5 0 0 0 0 0 0 0 0 0 0 0 0 0 0 0 0 0 0 0 3 0 0 0 0 0 0 1 1 1 0 0 0 1 3 0 0 0 0 0 0 0 0 0 0 0 0 0 0 0 0 0 0 0 0 0 5 0 0 0 3 0 0 0 -3 0 0 0 0 0 0 0 0 0 0 0 3 0 0 0 1 0 0 3 0 0 1 0 0 0 0 0 0 0 0 0 0 1 0 5 0 0 1 0 0 0 0 1 0 0 0 0 0 0 0 0 0 0 
JonM21
1 1 0 0 0 0 1 -3 -3 0 3 3 0 3 0 0 0 0 0 0 0 1 0 5 0 0 1 0 0 0 0 0 0 0 0 5 3 0 1 1 3 0 0 1 1 0 5 0 0 0 0 0 0 0 1 0 3 3 3 0 3 1 0 0 5 0 0 5 3 3 0 0 0 0 0 1 5 0 0 0 5 0 0 5 0 1 0 0 5 3 0 0 1 0 0 0 0 0 0 0 5 0 0 0 1 0 0 0 0 0 0 5 0 0 0 0 0 1 0 3 1 1 0 5 0 5 3 0 0 0 5 5 0 0 0 0 0 0 0 5 0 0 5 3 3 0 5 5 0 0 0 0 0 0 0 1 5 0 
rbhuta2
0 -3 -3 0 0 5 0 0 0 0 0 3 0 3 0 0 0 0 0 5 5 0 0 5 0 3 0 0 0 0 0 0 5 0 0 0 0 0 0 0 0 0 5 0 0 0 5 0 0 0 0 0 0 0 0 0 3 0 0 0 3 0 0 0 0 0 0 5 0 0 0 0 0 0 0 0 0 0 5 0 5 0 0 0 0 0 0 0 0 0 0 0 0 0 0 0 0 0 0 0 5 0 0 0 5 0 0 0 0 0 0 0 0 0 0 0 0 0 0 0 0 0 0 0 0 5 0 0 0 0 1 0 0 0 0 0 0 -3 0 0 0 0 0 0 0 0 0 5 0 0 0 0 0 5 0 0 0 0 
Roger
0 0 1 0 0 0 0 0 3 0 0 0 0 5 0 0 0 0 0 0 0 0 0 0 0 0 0 0 0 0 0 0 0 0 0 0 0 0 0 0 0 0 0 0 0 0 0 0 0 0 0 0 0 0 0 0 0 0 0 0 0 0 0 0 0 0 0 0 0 0 0 0 0 0 0 0 0 0 0 0 5 0 0 0 0 0 0 0 0 5 0 0 0 0 0 5 0 0 0 0 5 0 0 0 0 0 0 0 0 0 0 0 0 0 0 0 0 0 0 0 0 0 0 0 0 0 0 0 0 0 0 0 0 0 0 0 0 0 0 0 0 0 0 0 0 0 0 0 0 0 0 0 0 0 5 0 0 0 
akandi2
0 3 3 0 0 0 0 5 0 0 0 0 0 0 0 0 0 0 0 0 0 0 0 3 0 0 0 0 0 0 0 0 0 0 0 0 0 0 0 0 0 0 0 0 0 0 0 0 0 0 0 0 0 0 0 0 0 0 0 0 0 0 0 0 0 0 0 0 0 3 0 0 0 0 0 0 0 0 5 0 0 0 0 3 0 0 0 0 0 5 0 0 0 0 0 0 0 0 0 0 0 0 0 0 0 0 0 0 0 0 0 0 0 0 0 0 0 0 0 0 0 0 0 0 0 0 0 0 0 0 0 0 0 0 0 0 0 0 0 0 0 0 0 0 0 0 0 0 0 0 0 0 0 0 5 0 0 0 
mmihay3
0 -3 -3 0 0 5 5 0 0 0 -3 5 0 0 0 0 0 0 0 0 0 0 0 5 0 0 0 0 0 0 0 0 0 0 0 0 0 0 0 0 5 -3 -3 0 0 0 0 5 0 0 0 0 0 0 0 0 5 0 0 0 0 0 0 0 0 0 0 -3 -3 0 0 0 0 0 0 0 0 0 0 0 0 0 0 0 0 5 0 0 0 0 0 0 0 0 0 0 0 5 0 0 0 0 0 0 5 0 5 5 5 0 0 5 0 0 5 0 0 0 0 0 0 5 0 0 0 5 0 0 5 0 0 0 0 0 0 0 0 5 0 3 0 5 0 0 0 0 0 0 0 0 0 0 0 0 0 0 0 0 
