TeamBrodie
0 0 0 5 0 0 0 0 0 0 0 0 5 5 0 0 0 0 0 0 0 0 0 0 0 0 0 0 0 1 0 0 0 0 0 0 0 0 0 0 0 0 0 0 0 0 0 0 0 0 0 0 5 0 0 0 0 0 0 0 5 3 0 0 0 0 0 0 0 0 0 0 0 0 0 0 0 0 3 0 0 0 0 5 0 0 0 0 0 0 0 0 0 0 0 0 0 0 
Dannyt
0 0 0 3 0 0 0 0 0 0 0 0 3 0 0 0 0 0 0 0 0 0 0 0 0 0 0 0 0 0 0 0 0 0 0 0 0 0 0 0 0 0 0 0 0 0 0 0 0 0 0 0 3 0 0 0 0 0 0 0 0 3 0 0 0 0 0 0 0 0 0 0 0 3 0 0 0 0 3 0 0 0 0 3 0 0 0 0 0 0 0 0 0 0 0 0 0 0 
lrico5
0 1 0 5 0 1 0 0 0 0 0 0 0 0 0 0 0 1 0 0 0 0 0 0 0 0 0 0 0 0 0 0 0 0 0 0 0 0 0 1 0 0 0 0 0 0 0 1 0 0 0 0 3 0 0 -3 0 0 0 0 5 5 0 0 0 0 0 0 0 0 0 0 0 0 0 0 0 0 0 0 0 0 0 3 0 0 0 0 0 0 0 0 0 0 0 0 0 0 
skurug2
5 5 5 5 0 5 1 1 3 5 0 5 0 5 -3 3 3 5 5 5 5 3 5 3 1 1 1 1 1 0 0 0 0 0 0 0 3 5 5 3 1 -3 -5 -3 -3 0 0 -3 0 1 0 -3 1 0 0 -3 0 0 0 -3 1 0 -3 1 0 -3 0 0 0 -3 1 0 0 3 0 1 -3 3 3 1 1 0 0 3 3 1 1 5 1 1 0 0 0 1 5 3 0 1 
dtiwari
0 0 0 1 5 0 0 0 0 0 0 0 5 0 5 0 0 0 0 0 0 0 0 0 0 0 0 0 0 0 0 1 0 0 3 0 0 0 0 0 0 0 5 0 0 0 0 5 0 0 0 0 5 0 0 5 0 0 0 0 0 5 0 0 0 0 0 0 0 0 0 0 0 0 0 0 0 0 0 0 0 0 0 0 0 0 0 0 0 0 0 0 0 0 0 0 0 0 
ArtemL
5 -3 -3 1 0 3 3 0 1 1 1 1 3 -3 1 1 0 3 1 0 0 3 1 1 0 0 1 0 3 1 5 0 -3 0 1 0 0 1 0 1 0 0 5 1 0 1 1 3 0 0 0 0 1 0 1 0 0 -3 0 5 1 1 5 0 0 1 0 0 0 3 0 0 1 0 3 0 0 0 1 5 0 3 0 1 0 0 5 0 0 0 0 0 0 1 0 0 0 0 
AndrewMina
5 5 5 5 0 1 0 0 5 0 5 0 5 1 0 5 -3 -5 0 3 1 -3 -3 1 0 -3 -5 -3 0 5 1 3 5 3 1 0 -3 -5 -3 0 1 3 5 3 1 0 -3 5 -5 -3 5 5 5 5 -3 5 -5 -5 -3 5 5 5 1 0 5 3 0 0 -3 -3 1 0 0 0 3 -3 -3 0 5 3 1 0 -3 -5 -3 0 1 3 5 3 1 0 -3 -5 -3 0 1 3 
Sai
3 5 5 5 1 3 5 1 3 5 3 5 5 5 3 3 5 5 5 3 0 1 1 1 0 0 0 0 5 3 3 0 0 0 5 0 0 1 0 0 0 0 0 5 0 5 3 3 3 0 0 5 5 0 0 5 0 3 0 3 5 5 0 0 5 0 0 0 5 0 0 0 5 0 0 0 0 0 5 0 0 3 5 3 0 0 0 0 0 0 0 0 0 3 0 0 0 0 
dpatel
0 0 0 0 0 3 0 0 0 0 0 0 0 0 0 0 0 0 3 0 0 0 0 0 0 0 0 0 0 3 0 0 0 0 0 0 0 0 0 0 0 0 0 0 0 5 0 5 0 0 0 0 5 0 0 0 0 0 0 0 0 0 0 0 0 0 0 0 0 0 0 0 0 0 0 0 0 3 3 0 0 0 0 5 0 0 0 0 0 0 0 0 0 0 0 0 0 0 
thiscrazyideal
5 0 0 5 0 3 1 3 0 5 0 5 3 5 3 0 3 5 5 0 0 5 3 3 -5 0 0 0 5 3 0 0 5 5 0 0 5 0 0 0 0 0 0 0 3 0 5 5 0 0 0 -3 3 0 0 1 0 5 0 5 5 3 5 0 0 5 0 0 0 0 0 0 3 0 0 0 3 3 1 3 0 3 0 1 0 0 3 0 0 0 0 0 0 3 0 5 0 0 
rbroni2
0 0 0 0 0 3 0 0 0 0 0 0 0 0 0 0 0 0 0 0 0 0 0 0 0 0 0 0 0 0 0 0 1 0 0 0 0 0 0 0 0 0 0 0 0 0 0 3 0 0 0 0 3 0 0 0 0 0 0 0 0 5 0 0 0 0 0 0 0 0 0 0 0 0 0 0 0 0 1 0 0 0 0 0 0 0 0 0 0 0 3 3 0 0 0 0 0 0 
Himangi
1 1 1 1 1 1 1 1 1 1 1 1 1 1 1 1 1 1 1 1 1 1 1 1 1 1 1 1 1 1 1 1 1 1 1 1 1 1 1 1 1 1 1 1 1 1 1 1 1 1 1 1 1 1 1 1 1 1 1 1 1 1 1 1 1 1 1 1 1 1 1 1 1 1 1 1 1 1 1 1 1 1 1 1 1 1 1 1 1 1 1 1 1 1 1 1 1 1 
jfowle20
3 0 0 3 0 0 1 0 0 3 0 -5 5 1 0 0 0 3 1 0 0 1 3 1 1 0 3 0 0 0 3 5 0 1 3 0 0 0 0 0 0 0 0 1 0 0 0 3 0 0 0 0 3 0 0 5 0 0 0 1 -3 5 -5 3 0 0 0 5 0 0 0 0 -5 0 0 0 1 1 -3 3 0 0 0 1 0 -5 1 0 0 0 0 5 3 5 0 0 0 0 
awang72
0 0 0 5 0 0 0 0 5 0 5 5 3 0 0 5 0 5 5 0 0 0 1 0 0 0 0 0 5 5 0 5 0 0 0 0 0 -5 0 0 0 0 0 0 0 3 0 0 0 0 0 0 5 0 0 0 0 0 0 0 5 5 0 0 0 0 0 0 0 0 0 0 5 0 0 0 0 0 5 0 0 0 0 0 0 0 0 0 0 0 0 0 0 0 0 0 0 0 
John
0 5 5 5 0 3 5 5 5 0 5 -3 1 -5 0 3 5 5 -3 0 0 0 3 0 0 0 0 3 3 5 1 0 0 0 0 0 0 1 0 3 0 0 0 0 0 1 -3 5 5 0 0 1 5 0 0 0 0 5 0 5 5 1 1 1 1 0 0 0 3 0 0 0 -3 3 0 0 1 1 1 0 0 0 0 5 0 0 5 0 0 0 0 5 0 0 0 0 0 0 
pludwa2@uic.edu
0 0 0 3 0 3 5 0 1 5 1 1 0 0 0 1 0 3 1 0 0 5 1 1 0 0 3 0 0 0 3 0 0 0 3 0 0 0 0 0 0 0 0 0 0 0 0 0 0 0 0 0 3 0 0 0 0 0 0 0 0 3 3 0 0 0 0 0 0 0 0 0 0 0 0 0 0 0 0 0 0 0 0 0 0 0 0 0 0 0 0 0 0 0 0 0 0 0 
Erica
0 0 0 3 0 0 0 0 5 0 5 5 3 3 0 5 1 0 5 0 0 0 0 0 0 0 0 0 3 0 0 0 0 5 0 0 0 0 0 0 0 0 0 0 0 5 0 5 0 0 0 0 3 0 0 3 0 0 0 5 1 5 0 0 0 0 0 0 0 0 0 0 5 0 0 0 0 5 5 0 0 0 0 0 0 0 0 0 0 0 5 5 0 0 0 0 0 0 
jwisem6
3 1 1 1 0 1 1 1 5 3 5 3 3 1 0 5 3 3 3 0 1 0 3 3 1 0 0 1 0 0 0 5 1 3 1 0 1 0 0 3 0 5 0 0 1 3 3 5 0 0 3 3 3 0 0 1 0 1 0 0 1 1 0 3 3 0 0 5 1 3 0 0 5 0 0 0 0 3 0 3 0 3 1 0 0 0 0 0 0 0 0 3 0 3 0 0 0 0 
floza4
3 3 3 5 1 0 0 -3 3 3 3 5 0 3 0 3 3 1 5 3 0 1 0 0 3 0 0 -3 5 5 3 0 0 0 0 0 0 -3 0 -3 0 -3 0 0 -3 0 0 3 1 1 0 3 5 1 1 3 0 1 0 1 5 5 0 0 0 0 0 0 0 0 0 0 -3 3 0 0 0 3 3 0 0 0 0 5 0 0 1 1 0 0 0 0 -3 -3 0 -3 0 0 
kp0502
0 0 0 1 0 0 0 1 0 0 0 0 3 3 0 0 0 5 0 0 0 0 0 0 0 0 0 0 1 0 0 0 0 0 0 0 0 0 0 0 0 0 0 0 0 0 0 0 0 1 0 0 3 0 0 5 0 0 0 0 0 5 0 0 0 0 0 0 0 0 0 0 0 0 0 0 0 0 1 0 0 0 0 1 0 0 0 0 0 0 0 0 0 0 0 0 0 0 
rjasia2
0 0 0 3 0 3 5 0 3 0 3 3 1 1 0 3 0 3 5 0 0 0 0 5 1 0 0 0 0 3 0 0 0 3 0 0 0 0 0 0 0 0 0 0 0 3 0 0 0 0 0 -3 0 0 0 0 0 -3 0 5 3 3 0 0 0 0 0 0 0 0 0 0 3 0 0 0 3 0 1 0 0 0 0 0 0 0 0 0 0 0 0 0 0 0 0 0 0 0 
Kozmo
3 0 0 3 5 1 5 0 0 1 0 0 1 0 0 0 5 0 0 0 0 0 5 0 0 0 0 0 0 3 5 0 0 0 1 0 0 0 0 3 3 0 0 0 5 1 1 5 0 3 0 1 -3 0 0 0 0 5 0 5 3 1 5 0 0 0 0 0 0 0 0 0 0 0 0 0 5 0 1 5 0 3 0 0 0 0 5 0 0 0 0 0 0 1 0 0 0 0 
asunda23
5 5 5 5 3 0 0 5 5 3 5 0 5 5 0 5 0 5 0 0 0 3 3 1 0 0 3 3 5 5 3 3 0 1 0 0 0 3 3 5 0 3 3 0 3 5 5 5 0 0 5 5 5 3 5 5 0 5 0 3 5 3 0 5 5 1 3 5 0 0 0 0 5 5 0 0 0 3 3 0 0 0 3 5 0 5 0 0 0 0 0 1 1 0 3 3 0 0 
tfox
3 0 0 0 0 0 1 0 3 3 3 1 3 0 0 3 0 1 1 0 0 0 3 0 0 0 0 0 3 1 3 5 0 0 0 0 1 0 0 0 5 0 0 5 3 1 0 0 0 0 0 0 3 0 0 0 0 1 0 1 0 1 3 3 0 0 0 5 0 5 0 0 0 0 5 0 0 1 1 3 0 0 0 1 0 3 0 0 0 0 0 0 0 0 0 0 0 0 
acarr20
3 3 3 3 3 0 0 0 5 0 5 5 5 5 0 5 5 5 5 0 0 0 5 0 3 0 0 0 5 3 0 0 0 0 3 0 0 0 0 1 0 0 0 0 0 0 0 3 0 0 0 5 5 0 0 0 0 0 0 1 1 5 0 0 5 0 0 0 0 0 0 0 3 0 0 0 0 0 3 0 0 0 0 3 0 0 0 0 0 0 0 0 0 0 0 0 0 0 
rmundr3
0 1 1 1 0 1 0 0 0 0 0 3 -3 1 0 0 0 1 3 0 0 0 0 0 0 0 0 0 1 1 0 1 0 0 0 0 0 0 0 0 0 0 0 0 0 0 0 0 0 0 0 0 1 0 0 1 0 0 0 0 1 5 0 1 0 0 0 1 0 0 0 0 3 0 0 0 0 0 1 0 0 0 5 0 0 0 0 0 0 0 0 0 0 0 0 0 0 0 
Megh Patel
0 5 5 5 0 0 0 5 5 1 3 1 0 5 0 -3 -3 1 3 0 0 0 0 0 0 0 0 3 5 1 0 -3 -3 -5 0 0 0 0 0 1 0 0 0 0 1 -3 -3 -3 0 0 0 0 3 0 0 1 0 0 0 5 5 1 3 0 -5 0 0 0 0 0 0 0 5 0 0 0 0 0 3 0 0 0 0 0 0 0 0 0 0 0 0 0 0 0 0 0 0 0 
vcayas2
0 0 0 5 0 0 0 0 0 0 5 0 1 1 0 0 0 5 0 0 0 0 0 0 0 0 0 0 0 3 0 0 0 0 0 0 0 0 0 0 0 0 0 0 0 0 0 3 0 0 0 5 5 0 0 0 0 0 0 0 5 5 0 0 0 0 0 0 0 0 0 0 0 0 0 0 0 3 5 0 0 0 0 0 3 0 0 0 0 0 0 0 0 0 0 0 0 0 
rhusai2
-5 -3 0 1 3 5 3 1 0 -3 -5 -3 0 1 3 5 3 1 0 -3 -5 -3 0 1 3 5 3 1 0 -3 -5 -3 0 1 3 5 3 1 0 -3 -5 -3 0 1 3 5 3 1 0 -3 -5 -3 0 1 3 5 3 1 0 -3 -5 -3 0 1 3 5 3 1 0 -3 -5 -3 0 1 3 5 3 1 0 -3 -5 -3 0 1 3 5 3 1 0 -3 -5 -3 0 1 3 5 3 1 
yaum2
0 0 0 3 0 3 3 3 5 1 5 5 1 1 0 5 1 3 5 0 0 -3 -3 0 0 0 0 0 1 3 1 -3 1 1 -3 0 -3 0 1 3 0 0 0 1 0 3 1 1 0 3 3 1 1 0 1 -3 0 -3 0 1 1 3 -5 -3 3 3 0 1 0 0 0 0 3 0 0 0 1 3 1 1 0 3 -5 -3 1 -5 3 0 -5 0 1 3 0 1 0 0 1 0 
ainsal2
0 0 0 5 3 0 0 0 0 0 0 5 3 0 0 0 0 0 5 0 0 0 0 0 0 0 0 0 0 5 0 0 0 0 3 0 0 0 0 0 0 0 0 0 0 0 0 -3 0 0 0 0 1 0 0 0 0 0 0 3 5 3 0 0 0 0 0 0 0 0 0 0 5 0 0 0 0 0 3 0 0 0 0 1 0 0 0 0 0 0 0 0 0 0 0 0 0 0 
Shawn
0 1 1 -3 -5 0 3 1 0 -3 0 1 -3 -5 3 0 5 3 1 -5 0 0 -3 -3 5 0 -3 1 -5 1 0 3 5 5 -3 1 -5 -3 0 0 1 -3 -5 -5 -5 1 1 5 3 0 5 3 5 -5 0 1 3 0 5 -3 -5 -5 -3 0 1 1 3 5 -3 1 0 0 0 1 -3 3 -5 1 -5 5 5 0 1 -3 0 1 1 -3 -3 1 1 -3 0 3 -3 -5 1 1 
Ankit42
5 0 0 5 0 3 5 5 5 5 5 5 5 5 0 5 5 5 5 5 5 5 5 0 1 1 1 0 5 1 0 5 0 5 5 0 0 0 0 5 5 5 5 0 0 -3 0 3 0 0 5 3 3 0 0 5 0 3 0 5 5 3 -3 0 5 0 0 0 0 0 0 0 5 -3 0 0 0 -3 5 0 0 5 0 0 0 0 -3 -3 0 0 0 0 0 0 0 0 0 0 
bryanzb
0 0 0 0 0 0 0 0 0 0 0 3 1 0 0 0 0 0 3 0 0 0 0 0 0 0 0 0 0 0 0 0 0 0 0 0 0 0 0 0 0 0 0 0 0 0 0 3 0 0 0 0 0 0 0 5 0 0 0 0 0 5 0 0 0 0 0 0 0 0 0 0 3 0 0 0 0 0 0 0 0 5 0 -5 0 0 0 0 0 0 0 0 0 0 0 0 0 0 
Kid C++di
0 5 1 5 1 0 3 3 0 1 0 0 -3 3 0 0 0 3 1 0 5 0 1 3 0 0 0 -3 3 1 3 3 0 1 0 0 0 0 0 0 5 0 0 0 0 1 3 0 0 0 1 0 1 0 0 1 0 3 0 3 5 3 0 0 0 0 0 1 0 0 0 0 0 0 0 0 5 0 1 0 0 0 3 0 0 3 3 0 0 0 0 0 5 3 0 0 0 0 
jeslopez
0 0 0 0 0 0 0 0 0 0 0 0 5 5 0 0 0 0 0 0 0 0 0 0 0 0 0 3 0 0 0 0 0 0 0 0 0 0 0 0 0 0 0 0 0 0 0 3 0 0 0 0 5 0 0 0 0 0 0 0 0 3 0 5 0 0 0 0 0 0 0 0 0 0 3 0 0 0 3 0 0 0 0 1 0 5 0 0 0 0 0 0 0 0 0 0 0 0 
psreer3
0 0 0 5 0 0 0 0 0 5 0 5 5 5 0 0 0 0 5 0 0 0 0 0 0 0 0 0 5 3 0 5 0 3 0 0 0 0 0 3 5 3 0 5 0 5 0 3 0 0 3 0 5 0 0 3 0 0 0 5 5 3 0 0 0 0 0 0 0 0 0 0 5 0 0 0 0 0 5 0 0 0 0 0 0 0 0 0 0 0 0 0 0 0 0 0 0 0 
Sam
0 0 0 0 0 0 5 0 3 0 5 1 3 1 0 3 0 0 3 0 0 0 0 0 5 5 0 0 5 0 0 5 0 3 0 0 0 0 0 0 0 0 0 0 0 0 0 3 0 0 0 0 0 0 0 5 0 0 0 0 3 5 0 0 0 3 0 3 0 0 0 0 0 0 0 0 0 0 -3 0 0 0 0 0 0 0 0 0 0 0 0 5 0 3 0 0 0 0 
jcorona3
0 0 0 1 0 0 0 0 0 0 0 0 0 0 0 0 0 0 0 0 0 0 0 0 0 0 0 0 0 0 0 5 0 0 0 0 0 0 0 1 0 0 0 0 0 -3 0 1 0 0 0 1 3 0 0 5 0 0 0 0 1 5 0 5 1 0 0 0 0 0 0 0 0 0 0 0 0 0 5 0 0 0 0 0 0 0 0 0 0 0 0 0 0 0 0 0 0 0 
Bairez14
5 1 1 3 1 5 5 0 0 0 0 0 5 0 0 0 0 0 0 0 0 0 1 0 3 0 0 0 3 0 5 0 0 0 0 0 0 0 0 0 5 0 0 0 0 0 0 3 0 0 0 0 5 0 0 3 0 0 0 5 3 3 0 0 0 0 0 0 0 0 0 5 0 0 0 0 0 0 3 0 0 0 0 0 0 0 0 0 0 0 0 5 0 0 0 0 0 0 
Cole Pearson
5 0 0 5 3 3 3 0 5 0 5 5 3 5 0 5 0 5 5 3 0 3 3 0 5 0 0 0 5 5 0 5 0 5 3 0 0 0 0 3 5 5 0 0 5 3 3 3 0 0 1 3 5 0 0 1 0 5 0 5 5 5 0 0 0 3 0 5 0 0 0 0 5 0 0 0 5 3 5 5 0 5 3 5 3 5 0 0 0 0 0 3 0 3 0 0 0 0 
dani_v
0 3 0 3 3 0 1 0 1 3 3 5 5 5 0 1 1 5 5 0 0 3 3 0 3 0 0 0 5 1 0 5 3 3 1 0 0 0 0 1 0 0 0 0 0 3 0 5 5 0 0 1 5 0 0 5 0 1 0 0 3 5 0 0 0 1 0 0 0 0 0 0 5 0 3 0 0 0 5 0 0 0 0 3 0 0 0 0 0 0 5 5 0 3 0 0 0 0 
Anwar
0 5 0 5 0 0 3 0 0 0 0 3 0 0 0 0 0 3 3 0 0 0 0 0 0 0 0 0 5 3 0 0 0 0 0 0 0 0 0 3 0 0 0 0 0 3 0 0 0 0 0 0 5 0 0 1 0 0 0 0 5 5 0 0 0 0 0 0 3 0 0 0 0 0 0 0 0 0 3 0 0 0 0 0 0 0 0 0 0 0 0 -3 0 0 0 0 0 0 
Donut
0 0 0 3 0 0 0 1 0 3 0 3 0 0 0 0 1 5 5 0 0 0 0 0 1 0 0 0 0 0 1 0 1 0 0 0 0 0 0 0 0 0 0 0 0 0 0 0 0 0 0 3 0 3 0 0 0 0 1 0 0 0 0 0 1 0 0 0 0 0 1 0 0 1 0 0 0 0 0 0 0 1 0 3 1 1 0 0 0 0 0 0 0 0 0 0 0 0 
Mosrour
5 0 0 5 5 5 0 5 0 0 0 5 0 5 0 0 0 3 0 0 0 1 0 0 5 5 0 1 5 3 0 0 5 0 0 0 0 5 0 0 1 3 5 0 0 0 5 0 0 0 0 0 0 0 0 0 0 0 0 0 3 0 3 0 5 0 0 0 1 0 0 0 0 5 0 0 0 3 0 0 0 0 0 3 0 0 0 3 0 0 0 0 0 0 3 0 0 3 
ebugar4
5 0 0 5 0 0 5 5 0 0 0 5 5 5 3 0 5 0 0 0 3 0 5 0 0 0 0 0 1 5 0 0 0 5 0 0 0 0 0 0 0 0 0 5 0 0 0 3 0 0 0 0 0 0 0 3 0 0 0 5 5 5 0 0 0 0 0 0 0 0 0 0 5 0 0 0 3 0 3 0 0 0 0 0 0 0 3 0 0 0 0 0 0 0 0 0 0 0 
squeaky
0 0 0 1 0 1 0 0 0 0 1 0 0 3 0 0 0 1 0 0 0 0 0 0 5 0 0 0 0 1 0 5 0 1 0 0 0 0 0 0 0 0 0 5 0 -3 0 1 0 0 0 0 5 0 0 3 0 -3 0 0 1 1 0 3 0 0 0 3 0 0 0 0 0 0 0 0 0 0 5 0 0 0 0 0 0 0 0 0 0 0 0 0 0 0 0 0 0 0 
Sami
0 -3 0 5 0 0 5 0 5 0 5 3 1 -3 0 5 0 0 5 0 0 0 3 0 0 0 0 0 3 0 0 0 0 0 0 0 0 0 0 0 0 0 0 0 0 0 0 0 0 0 0 0 3 0 0 1 0 0 0 0 5 1 0 0 0 0 0 0 0 0 0 0 5 0 0 0 0 1 1 0 0 0 0 0 0 0 5 0 0 0 0 0 0 0 0 0 0 0 
elieckhaus
0 0 0 0 0 0 0 0 3 0 3 3 3 5 0 3 0 3 3 0 0 0 3 0 3 0 0 0 3 0 0 3 0 0 0 0 0 0 0 0 0 0 0 0 0 0 0 3 0 0 0 0 3 0 0 -3 0 1 0 1 1 3 0 0 0 0 0 3 0 0 1 0 3 0 0 0 0 0 0 0 0 0 0 1 0 0 0 0 0 0 0 0 0 0 0 0 0 0 
tpham54
0 3 0 3 0 0 0 0 3 0 3 0 1 5 3 3 0 5 3 0 0 0 0 0 0 0 0 0 0 0 0 5 0 0 0 0 0 0 0 5 3 0 0 0 0 0 0 0 0 0 0 0 1 0 0 3 0 5 0 0 3 3 0 0 0 0 0 0 0 0 0 0 3 0 0 0 0 0 3 0 0 0 0 0 0 0 0 0 0 0 3 1 0 0 0 0 0 0 
root
0 3 3 1 0 0 3 3 0 0 -3 0 5 0 0 0 0 5 0 0 0 0 0 0 0 0 0 0 3 3 0 0 0 0 0 0 0 0 0 1 0 0 0 0 0 0 3 3 0 0 0 0 3 0 0 3 0 0 0 0 0 5 0 0 0 -3 0 0 3 0 0 0 0 0 0 0 0 0 3 0 0 0 0 0 0 0 0 0 0 0 0 3 0 5 0 0 0 0 
Boruto's Dad 
0 0 0 5 0 0 0 0 5 0 5 5 1 5 0 5 0 0 5 0 0 0 0 0 0 0 0 0 5 0 0 5 0 0 0 0 0 0 0 1 0 0 0 0 0 1 0 3 0 0 0 5 -3 0 0 0 0 0 0 0 3 5 0 0 3 0 0 0 0 0 0 0 5 0 0 0 0 0 3 0 0 0 0 0 0 0 0 0 0 0 0 0 0 0 0 0 0 0 
kpate400
5 5 5 5 5 5 1 0 0 -3 3 5 1 -3 -3 -3 0 1 3 5 3 1 0 -3 -5 -3 0 1 3 5 3 1 0 -3 5 -3 0 1 3 5 3 1 0 -3 -5 -3 0 1 3 5 3 1 1 1 1 0 0 0 0 -3 -3 -3 -3 -5 -5 -5 -5 -3 0 -5 -3 0 1 3 5 -5 -3 0 1 3 5 -5 -3 0 1 3 5 -5 -3 0 1 3 5 -5 -3 0 1 5 
CodeWanderer
5 5 5 5 5 5 3 5 1 3 5 0 5 5 5 5 1 3 1 0 5 0 1 3 3 5 5 3 5 1 3 3 0 1 3 5 1 3 3 5 3 3 3 5 5 5 5 5 0 1 1 0 0 0 -3 1 0 0 0 0 5 5 5 0 5 5 0 0 0 0 0 0 1 5 0 0 0 0 0 0 0 0 0 0 0 0 0 0 0 0 0 0 0 0 0 0 0 0 
lunari
1 1 0 1 0 3 3 1 0 0 0 5 3 -3 0 0 0 1 5 0 0 0 3 0 0 0 0 0 1 3 0 5 0 0 0 0 0 0 0 3 1 0 0 0 0 1 0 3 0 0 0 3 3 0 0 3 0 0 0 0 1 5 0 5 1 0 0 0 0 0 0 0 5 0 0 0 0 0 3 0 0 0 0 0 0 0 0 0 0 0 0 0 0 0 0 0 0 0 
rmalon8
3 0 0 3 0 0 5 5 5 5 5 5 5 3 5 5 0 3 5 0 0 3 3 0 -3 0 0 0 1 5 0 5 0 5 0 0 0 0 0 3 0 0 0 0 3 3 5 5 0 0 5 5 3 0 0 3 0 3 0 5 3 3 0 0 5 0 0 3 0 0 0 0 3 0 0 0 0 1 3 0 0 0 0 0 0 3 5 0 0 0 0 5 0 3 0 0 0 0 
chez
0 3 3 1 0 0 5 0 5 0 5 5 0 3 0 5 5 1 5 0 0 0 5 0 0 0 0 0 3 0 0 0 0 0 1 0 0 1 0 0 5 0 0 3 5 0 0 1 0 0 0 0 3 0 0 0 0 5 0 5 1 5 0 0 0 0 0 0 0 0 0 0 5 0 0 0 0 0 0 0 0 0 0 1 0 0 0 0 0 0 0 5 3 0 0 0 0 0 
amieki2
3 3 3 3 0 0 1 0 0 0 0 5 3 0 0 0 3 0 5 0 0 0 0 0 0 0 0 0 5 3 0 5 0 0 0 0 0 0 0 0 1 0 0 0 0 0 0 0 0 0 0 1 3 0 0 1 0 0 0 1 1 1 0 0 0 0 0 5 0 0 0 0 5 0 1 0 0 0 -3 0 0 0 0 0 0 0 0 0 0 0 0 0 0 0 0 0 0 0 
Saahi22
0 5 5 5 0 5 0 3 0 0 0 0 3 1 0 0 0 3 0 0 0 0 0 0 0 0 0 0 0 0 0 5 5 0 3 0 0 0 0 3 0 0 0 0 0 3 5 5 0 0 0 0 5 0 0 3 5 0 0 0 5 5 0 0 0 5 0 5 0 0 0 0 0 0 0 0 0 3 5 0 0 0 0 1 3 0 0 0 0 0 5 3 0 0 0 0 0 0 
Carl Brutananadilewski
5 5 0 5 0 5 5 0 0 0 0 3 3 5 3 0 0 3 3 0 0 5 5 0 0 0 5 0 5 5 0 0 0 0 0 0 0 0 0 5 5 5 5 5 0 3 0 3 0 0 0 0 0 0 0 3 0 0 0 0 5 5 0 0 0 0 0 0 0 0 0 0 5 0 0 0 0 0 0 5 0 0 0 3 0 0 3 0 0 0 0 0 0 3 0 0 0 0 
Besher
0 5 0 1 0 0 0 0 0 0 0 0 3 3 0 0 0 3 0 0 0 0 0 0 3 0 0 0 1 0 0 0 0 0 3 0 0 0 0 3 0 0 0 0 0 0 0 3 0 0 0 0 5 0 0 5 0 1 0 0 1 1 0 0 0 -5 0 0 0 0 0 0 0 0 0 0 0 0 3 0 0 0 0 3 0 0 0 0 0 0 0 0 0 0 0 0 0 0 
lovecs251
0 0 0 0 0 0 0 0 0 0 0 0 1 0 0 0 0 0 0 0 0 0 0 0 0 0 0 0 0 0 0 0 1 0 0 0 0 0 0 0 0 0 0 0 0 0 0 0 0 0 0 0 1 0 0 5 0 0 0 0 0 5 0 0 0 0 0 0 0 0 0 0 0 0 0 0 0 0 5 0 0 0 0 1 0 0 0 0 0 0 0 0 0 0 0 0 0 0 
Teddy_Zaremba
5 0 0 1 0 1 5 0 0 5 0 3 3 5 0 0 0 5 3 0 0 0 0 0 0 0 0 0 3 0 0 0 0 0 0 0 0 0 0 0 0 1 0 0 0 3 -3 0 0 0 0 0 1 0 0 5 0 -3 0 0 3 1 5 0 0 0 0 0 0 0 0 0 3 1 0 0 0 0 1 0 0 0 0 5 0 5 0 0 0 0 0 0 0 -5 0 0 0 0 
jibreel mohamed
0 1 1 3 0 0 0 0 1 0 1 3 0 1 0 1 0 3 3 0 0 0 0 0 0 0 0 0 0 0 0 5 0 0 0 0 0 0 0 3 0 0 0 0 0 0 0 1 0 0 0 0 5 0 0 1 0 0 0 0 5 3 0 5 0 0 0 3 0 0 0 0 3 0 0 0 0 0 3 0 0 0 0 0 0 0 0 0 0 0 0 0 0 0 0 0 0 0 
cmiram2
0 0 0 1 0 0 0 0 5 1 5 3 5 0 0 5 0 -3 -3 0 0 0 0 0 0 0 0 0 0 5 0 3 0 0 0 0 0 0 0 5 0 0 0 0 0 1 0 0 0 0 0 0 5 0 0 0 0 0 0 0 1 3 0 5 0 0 0 1 0 0 0 0 1 0 0 0 0 0 1 0 0 0 0 0 1 0 0 0 0 0 0 5 0 0 0 0 0 0 
anavar38
5 3 5 5 0 3 3 -3 1 1 1 3 3 1 0 -3 0 1 5 3 0 0 5 0 0 0 0 1 3 1 0 5 0 1 3 0 0 0 0 -3 0 3 0 0 0 -5 -3 -3 0 0 0 5 -5 0 0 1 0 5 0 5 5 5 0 0 5 5 0 5 5 0 0 0 3 0 5 0 5 5 -5 0 0 5 0 1 0 3 3 3 0 0 0 5 0 5 -3 -5 0 0 
Yonas Neguse
0 0 0 3 3 5 5 5 1 0 0 0 0 5 5 5 3 3 5 5 1 5 5 1 3 3 3 1 5 5 5 1 5 1 3 5 3 1 3 1 1 1 3 1 3 3 3 1 1 3 3 1 5 1 3 3 3 1 5 5 3 1 5 1 5 5 3 1 3 1 3 1 1 1 3 5 3 1 3 5 1 3 3 1 3 5 3 3 5 1 3 5 3 1 3 5 3 3 
Colonel_Sanders
5 5 3 3 0 0 0 0 5 3 5 5 3 5 1 5 5 5 5 1 1 3 5 0 0 0 0 0 5 -3 1 5 3 1 3 0 0 0 0 1 0 0 0 0 0 3 0 3 0 3 0 3 3 0 3 1 0 5 0 1 1 1 0 0 -3 0 0 0 0 0 0 0 5 1 0 0 0 0 3 0 0 0 0 1 0 0 0 0 1 0 0 5 0 5 3 0 0 0 
kshah211
5 5 3 5 0 3 3 0 3 0 3 1 0 3 0 0 0 1 1 0 0 0 0 0 0 0 0 0 3 3 0 1 0 0 0 0 0 0 0 1 3 0 3 3 0 3 0 0 0 0 0 0 -3 0 0 1 0 0 0 0 3 0 0 0 0 0 0 0 0 0 0 0 0 1 0 0 0 0 -3 0 0 0 0 0 1 0 0 0 0 0 0 0 0 0 0 0 0 0 
jas_n
0 0 0 0 0 0 3 0 0 0 3 0 5 0 0 0 0 1 0 0 0 0 0 0 0 0 0 0 0 5 0 0 1 0 0 0 0 0 0 0 1 0 0 0 0 0 0 0 0 0 0 0 0 0 0 0 0 0 0 0 0 0 0 0 0 0 0 0 0 0 0 0 0 0 0 0 0 0 0 0 0 0 0 0 0 0 0 0 0 0 0 0 0 0 0 0 0 0 
teusz07
0 3 3 5 1 3 0 1 5 5 5 5 3 5 0 1 0 5 5 0 0 0 0 0 1 1 0 0 1 5 3 3 3 0 0 -3 -3 0 0 1 3 3 1 0 0 3 1 1 1 0 1 1 3 0 0 0 0 0 0 1 5 3 0 0 1 0 0 0 0 0 0 0 5 3 -3 -3 0 3 1 0 0 0 0 3 0 -3 0 0 0 0 0 0 0 0 0 0 0 1 
joe117
0 1 0 5 0 0 5 0 5 0 5 5 5 3 0 5 0 3 5 0 0 0 0 0 0 0 0 0 0 3 0 0 0 3 0 0 0 0 0 3 0 0 0 0 0 3 0 3 0 0 0 3 3 0 0 0 0 3 0 0 5 3 0 0 1 0 0 0 0 0 0 0 3 0 0 0 0 3 1 0 0 0 0 5 0 0 0 0 0 0 0 3 0 0 0 0 0 0 
Esho
5 5 3 5 0 0 5 3 0 3 0 0 0 3 0 0 0 0 0 0 0 0 0 0 0 0 0 0 0 5 0 0 0 0 0 0 0 0 0 0 0 0 0 0 0 0 0 0 0 0 0 0 5 0 0 0 0 0 0 0 5 0 0 0 0 0 0 0 0 0 0 0 0 0 0 0 0 0 0 0 0 0 0 0 0 0 0 0 0 0 0 0 0 0 0 0 0 0 
alianna2
0 0 0 0 0 0 0 0 0 0 0 0 5 0 0 0 0 0 0 0 0 0 0 0 0 0 0 0 0 0 0 5 0 0 0 0 0 0 0 0 0 0 0 0 0 0 0 5 0 0 0 0 5 0 0 -3 0 0 0 0 0 3 0 0 0 0 0 5 0 0 0 0 0 0 0 0 0 0 1 0 0 0 0 0 0 0 0 0 0 0 0 0 0 0 0 0 0 0 
asanro3
0 3 0 3 0 5 0 0 3 3 3 3 0 5 0 3 3 5 3 0 0 0 3 0 0 0 0 0 5 5 0 5 0 0 0 0 0 0 0 0 5 0 0 0 0 1 0 3 0 0 0 1 3 0 0 0 0 5 0 3 5 5 0 0 0 0 0 5 0 0 0 0 3 0 0 0 0 0 0 0 0 0 0 0 0 0 3 0 3 0 0 0 0 0 0 0 0 0 
non_fiction_odicho
5 5 0 5 0 5 -3 0 0 3 0 1 3 5 0 0 1 1 0 0 0 0 5 0 0 5 0 0 5 0 0 0 0 0 0 0 0 0 0 0 0 0 0 5 5 0 0 0 0 0 3 0 3 0 0 0 0 0 0 5 5 0 0 0 0 0 0 0 0 0 0 0 1 0 0 0 0 0 0 0 0 0 0 0 0 0 0 0 0 0 0 0 0 0 0 0 0 0 
itsme_hisham
5 5 3 3 0 0 0 0 0 3 0 3 1 5 0 0 0 5 3 0 0 0 0 0 0 0 0 0 3 0 0 0 0 0 0 0 0 0 0 0 0 0 0 0 0 0 0 1 0 0 0 0 3 0 0 3 0 3 0 0 3 3 0 0 0 0 0 0 0 0 0 0 0 0 0 0 0 0 3 0 0 0 0 0 0 0 0 0 0 0 0 0 0 0 0 3 0 0 
jishma2
3 0 0 5 0 1 5 -5 5 5 5 5 5 5 0 1 1 3 5 5 0 1 0 0 0 0 0 0 1 1 0 0 0 1 0 0 0 0 0 0 0 0 0 0 0 1 0 0 0 0 0 0 3 0 0 0 0 0 0 0 5 5 0 0 0 0 0 0 0 0 0 0 5 0 0 0 0 0 0 0 0 0 0 5 0 5 0 0 0 0 0 5 0 3 0 0 0 0 
ashqueen
5 5 5 5 5 0 0 0 0 0 0 5 5 3 0 0 1 5 5 0 0 0 0 0 0 5 0 0 0 0 0 0 0 0 0 0 0 0 0 0 0 0 0 0 0 0 0 0 0 0 0 0 5 0 3 3 0 0 0 5 0 0 0 0 0 0 0 0 0 0 0 0 5 0 0 0 0 0 0 0 0 0 0 0 0 0 0 0 0 0 0 0 0 0 0 0 0 0 
SpeedyGonzalez
5 0 0 5 0 0 0 0 0 0 0 0 0 5 0 0 0 3 0 0 0 0 0 0 0 0 0 0 5 0 0 0 0 0 0 0 0 0 0 1 0 0 0 0 0 1 0 0 0 0 0 3 3 0 0 3 0 0 0 5 5 3 0 0 3 0 0 0 0 0 0 0 0 0 0 0 0 0 1 0 0 0 0 1 0 0 0 0 0 0 0 0 0 0 0 0 0 0 
Azeem
3 5 5 3 5 1 0 0 5 3 5 3 0 3 0 5 3 5 3 0 0 0 0 0 0 0 0 0 5 5 0 0 0 5 3 0 0 3 0 5 0 0 3 0 0 5 5 3 0 0 0 3 5 0 5 0 0 0 0 3 3 5 0 0 3 0 0 0 3 0 0 0 3 0 3 0 0 5 5 0 0 0 0 0 0 0 0 0 0 0 0 0 3 3 0 0 0 0 
Medo Hassan
0 5 5 5 5 0 3 3 0 3 0 5 5 5 0 0 0 3 5 0 0 0 0 0 0 0 0 0 0 5 5 5 0 0 0 0 0 0 0 5 0 0 0 0 0 3 0 3 0 0 0 5 5 0 1 3 0 0 0 1 5 5 0 0 -3 0 0 0 0 0 0 0 3 3 0 0 0 0 5 0 0 0 0 5 3 0 5 0 1 0 0 0 0 1 0 0 0 0 
aescutia21
0 0 0 5 0 1 0 0 0 0 0 3 3 0 0 0 0 3 3 0 0 0 0 0 0 0 0 0 3 3 0 0 0 3 0 0 0 0 0 0 0 3 0 0 0 3 0 0 0 0 0 0 3 0 0 3 0 3 0 0 5 5 0 0 0 0 0 0 0 0 0 0 3 0 0 0 0 0 5 0 0 0 0 3 0 0 0 0 0 0 0 0 0 0 3 0 0 0 
hahmed999
5 0 0 0 0 0 0 0 0 0 0 0 5 5 0 0 0 0 0 0 0 0 3 0 0 0 0 0 5 0 0 0 0 0 0 0 0 0 0 0 0 0 0 0 0 0 0 0 0 0 0 0 5 0 0 0 0 5 0 0 3 3 0 0 0 0 0 0 0 0 0 0 0 0 0 0 0 0 3 0 0 0 0 3 0 0 0 0 0 0 0 0 0 0 0 0 0 0 
kchyc2
5 3 0 0 0 0 0 0 0 0 0 0 5 0 0 0 0 0 0 0 0 0 3 0 0 0 0 0 0 3 0 3 0 5 0 0 0 0 0 5 0 0 0 0 0 3 0 5 0 0 0 0 3 0 0 0 0 0 0 0 0 3 0 3 0 0 0 0 0 0 0 0 0 0 0 0 0 0 -3 0 0 0 0 3 0 0 0 0 0 0 0 5 0 0 0 0 0 0 
mnchew2
0 0 0 3 0 1 0 0 0 0 3 3 1 0 0 3 0 5 5 0 0 0 0 0 0 0 0 0 0 0 0 0 0 3 0 0 0 0 0 3 0 0 0 0 0 3 0 3 0 0 0 0 1 0 0 0 0 0 0 0 0 1 0 0 0 0 0 0 0 0 0 0 1 0 0 0 0 0 -3 0 0 0 0 0 0 0 0 0 0 0 0 0 0 0 0 0 0 0 
sana.abbasi
3 5 0 3 0 0 3 0 0 0 0 5 3 5 0 0 3 3 5 1 1 3 0 0 0 0 0 0 5 0 0 0 0 0 0 0 0 0 0 0 0 0 0 0 1 1 1 1 1 1 1 1 3 3 3 3 0 1 0 0 3 5 0 0 0 0 0 0 0 0 0 5 0 0 0 0 0 0 3 0 0 0 0 -3 0 0 0 0 0 0 0 0 0 1 0 0 0 0 
VER
5 5 5 5 0 5 5 5 5 5 5 -3 1 3 0 5 0 5 -3 0 0 0 5 0 0 0 0 0 5 5 3 3 0 0 0 0 0 0 0 -3 0 5 0 3 0 0 0 0 0 0 0 5 0 0 0 0 0 0 0 0 0 -3 0 0 5 0 0 0 0 0 0 0 0 0 0 0 0 3 0 0 0 1 0 1 0 0 0 0 0 0 0 0 0 0 0 0 0 0 
Liza_rd
3 0 0 0 0 0 3 0 0 3 0 0 0 0 0 0 0 1 1 1 0 0 0 0 0 0 5 0 1 0 0 5 0 0 0 0 0 0 0 0 0 0 0 0 0 0 0 5 0 0 0 0 3 0 1 1 0 0 0 3 0 5 0 0 0 0 0 5 0 0 0 0 0 0 0 0 0 3 1 0 0 5 0 0 0 0 0 0 0 0 0 3 0 0 0 0 0 0 
htan21
0 0 0 1 0 3 0 0 3 0 1 0 3 0 0 3 0 0 3 0 0 0 0 0 0 0 0 0 3 5 0 5 0 0 0 0 0 0 0 1 0 0 0 0 0 1 0 5 0 0 0 0 3 0 3 -3 0 3 0 3 3 3 0 5 0 5 0 0 0 0 0 0 0 0 0 0 0 0 3 0 0 0 0 0 0 0 5 0 0 0 0 0 0 0 0 0 0 0 
shoma2
0 0 0 3 0 0 0 0 3 0 3 0 0 3 0 3 0 5 0 0 0 0 0 0 0 0 0 0 5 5 0 0 0 0 0 0 0 0 0 1 0 0 0 0 0 0 0 3 0 0 0 0 0 0 0 0 0 0 0 0 0 5 0 0 0 0 0 0 0 0 0 0 0 0 0 0 0 0 0 0 0 0 0 5 0 0 0 0 0 0 0 0 0 0 0 0 0 0 
pmccar5
0 0 0 3 0 0 5 0 5 0 5 3 5 0 0 5 0 1 3 0 0 0 3 0 0 0 0 0 3 0 0 0 0 3 3 0 0 0 0 0 0 0 0 0 0 0 0 0 0 0 0 1 1 0 0 0 0 0 0 0 0 1 0 0 0 0 0 0 0 0 0 0 3 0 0 0 0 0 1 0 0 0 0 0 0 0 0 0 5 0 0 3 0 0 0 0 0 0 
srahma41
5 0 0 5 0 0 0 3 0 3 0 0 3 0 0 0 0 3 3 0 0 0 0 0 5 0 0 0 0 0 0 0 0 0 3 0 0 0 0 0 0 0 0 0 0 0 0 0 0 0 0 0 3 0 0 0 0 0 0 0 5 5 0 0 0 0 0 0 0 0 0 0 0 0 0 0 0 0 5 0 0 0 0 3 0 0 0 0 0 0 5 0 0 0 0 0 0 0 
cflood4
3 5 1 5 0 -3 3 0 5 0 5 0 1 -3 3 5 0 0 0 0 0 0 5 0 1 0 0 0 -5 1 0 0 0 0 0 0 0 0 0 0 0 3 0 0 0 0 0 0 0 0 0 0 5 0 0 0 0 -3 0 0 5 1 0 0 0 0 0 0 0 0 0 0 0 0 0 0 0 0 3 0 0 0 0 3 0 0 -3 0 0 0 0 5 0 1 0 0 0 0 
Barty
1 5 5 5 5 0 1 -3 5 5 5 5 5 1 -5 5 5 5 5 5 5 0 1 0 0 0 5 3 0 5 5 0 0 1 3 3 0 5 0 0 0 5 3 0 0 5 1 -3 -5 -5 -5 5 3 0 3 0 0 1 0 -5 1 -3 0 0 1 0 0 0 0 0 0 0 1 -5 0 0 1 5 1 0 0 1 0 1 0 0 3 0 1 0 -3 5 -3 -3 0 0 0 0 
msales3
0 0 0 0 0 0 0 0 0 0 0 0 0 0 0 0 0 0 0 0 0 0 0 0 0 0 0 0 0 1 0 0 0 0 0 0 0 0 0 0 3 0 -5 0 0 0 0 0 0 0 0 0 5 0 0 0 0 0 0 0 0 0 0 0 0 0 0 3 0 0 0 0 0 0 0 0 0 0 0 0 0 0 0 0 0 0 0 0 3 0 0 0 0 0 0 0 0 0 
amoran9
5 5 3 5 0 3 3 0 3 1 3 1 1 5 5 3 5 5 1 3 5 5 5 5 0 0 1 1 5 5 3 5 1 0 0 0 0 1 0 -5 5 3 5 5 3 -3 -3 1 0 0 1 1 1 1 3 0 0 3 0 5 5 5 0 5 1 0 0 0 1 0 0 0 1 3 1 0 3 0 3 0 0 3 3 1 0 3 0 0 3 0 0 0 0 -3 0 0 0 0 
BrandonNoyes
5 0 0 1 0 0 3 0 0 5 0 5 3 3 0 0 0 3 5 0 0 5 3 0 0 0 0 0 -3 0 0 3 0 5 5 0 0 0 0 3 5 0 0 0 5 0 0 1 0 0 5 3 5 0 0 5 0 3 0 5 3 5 0 0 0 0 0 5 0 0 0 0 5 0 0 0 0 0 5 0 0 1 0 0 0 3 3 0 0 0 0 0 0 3 0 0 0 0 
oherna25
5 5 5 5 0 5 5 5 5 5 5 5 5 5 0 5 5 5 5 0 0 0 5 5 0 5 0 0 5 5 0 0 0 5 0 0 0 0 0 5 0 5 0 5 0 0 0 0 0 5 5 0 5 0 0 5 0 5 0 5 5 5 5 0 5 5 0 0 0 0 0 5 5 0 0 0 0 0 5 5 0 5 0 0 0 5 5 0 5 5 0 5 0 5 0 0 0 0 
tkaczyk3
5 1 1 5 0 0 5 1 0 5 0 0 1 5 0 0 0 5 5 0 0 0 0 0 0 0 0 0 5 3 0 0 0 0 0 0 0 0 0 3 0 0 5 0 0 0 0 3 0 0 0 3 1 0 0 -3 0 1 0 5 5 3 0 0 0 0 0 0 0 0 0 0 0 0 0 0 0 0 1 0 0 0 0 1 0 0 0 0 0 0 0 5 0 0 0 0 0 0 
Akash
0 3 3 5 0 0 0 1 3 0 3 0 0 5 0 3 0 0 0 1 3 0 0 1 1 0 0 0 3 1 0 0 0 1 1 3 0 3 0 3 1 1 0 0 1 0 3 1 0 0 3 0 3 0 0 3 0 0 1 0 3 1 1 0 0 1 1 0 0 0 1 0 0 1 0 1 1 1 3 0 0 1 0 0 0 0 1 0 0 0 1 1 0 0 3 0 0 0 
Hina
0 5 5 5 0 5 0 0 5 0 5 1 0 5 0 3 5 5 3 0 0 0 0 0 0 0 0 3 5 0 0 0 0 0 3 3 0 0 0 1 0 0 0 0 3 -3 0 0 0 0 1 0 5 0 0 0 0 0 0 0 3 0 0 0 0 0 0 0 0 0 0 0 1 3 0 0 0 0 5 0 0 0 0 -3 1 0 0 0 0 0 0 0 0 0 0 0 0 0 
jgallo6
3 3 3 5 1 3 3 3 3 5 3 5 5 1 1 3 5 5 5 5 1 3 1 3 0 0 3 -3 1 3 5 5 1 5 1 0 0 5 0 5 3 5 0 0 3 3 0 5 1 1 3 5 5 0 3 5 0 5 0 -3 5 5 0 1 5 1 1 5 0 0 0 0 5 3 0 0 1 1 5 1 0 0 0 1 1 1 1 0 3 0 0 3 0 3 1 0 0 0 
Triquan16.01
0 0 0 0 0 0 0 0 1 0 1 1 0 0 0 1 0 0 0 0 0 0 3 0 0 0 0 0 0 0 0 5 0 0 0 0 0 0 0 0 0 0 0 0 0 0 1 0 0 0 0 3 3 0 0 5 0 0 0 0 0 5 0 0 3 0 0 3 0 0 0 0 0 0 0 0 0 0 3 0 0 0 0 0 0 0 0 0 0 0 0 0 0 3 0 0 0 0 
BugsBunny
1 3 3 0 1 5 1 0 -3 0 -5 0 1 5 1 -3 0 5 1 0 1 -3 3 -5 0 5 0 0 5 3 -5 -3 0 1 3 5 1 3 0 0 -3 -5 1 0 0 0 1 0 0 0 1 -3 5 1 0 1 -3 0 -3 -3 0 -3 -5 -5 -3 0 1 0 -3 0 1 1 3 3 1 0 -5 -3 3 1 0 -3 -5 -3 0 1 3 5 3 1 0 -3 -5 5 0 1 3 -3 
fizz
0 0 0 5 0 0 0 0 3 0 3 5 3 3 0 3 0 5 5 0 0 0 0 0 0 0 0 0 5 5 0 0 0 5 0 0 0 0 0 5 0 0 0 0 0 0 0 5 0 0 0 0 3 0 0 1 0 0 0 0 5 3 0 0 0 0 0 0 0 0 0 0 5 0 0 0 0 0 3 0 0 0 0 0 0 0 0 0 0 0 0 0 0 0 0 0 0 0 
armiger2
0 -3 0 -3 0 -3 1 1 3 1 1 1 1 1 1 1 1 1 1 3 5 1 1 1 0 0 5 0 1 1 0 1 1 1 0 0 0 0 0 1 1 0 0 0 1 1 0 0 0 0 1 3 0 0 0 0 0 1 0 3 -3 3 0 0 3 1 0 3 0 5 0 0 1 0 3 0 1 0 0 0 0 0 0 1 1 3 0 0 0 0 0 1 0 1 0 0 3 0 
asdfjkl;
3 0 0 1 0 3 1 0 1 0 1 0 0 0 0 1 0 1 0 0 0 0 3 0 0 3 1 0 0 0 0 1 1 0 0 0 0 0 0 0 0 0 0 0 0 0 0 0 0 0 0 0 1 0 0 1 0 1 0 0 0 0 0 0 0 1 0 0 0 0 0 0 0 0 0 0 0 0 3 0 0 0 -3 0 0 0 0 0 0 0 0 1 0 0 0 0 0 0 
aleenalbert
0 0 0 -3 0 1 0 0 5 0 5 5 -5 5 0 1 0 3 5 0 0 0 0 0 0 0 0 0 -5 -3 0 5 -5 3 0 0 0 0 0 0 -5 0 0 0 0 0 0 5 0 0 0 0 1 0 0 -5 0 0 0 0 1 -3 0 5 0 0 0 5 0 0 0 0 1 0 0 0 0 0 0 0 0 0 0 -3 0 0 0 0 0 0 5 5 0 1 0 0 0 0 
Nightman
5 5 5 5 0 5 5 0 5 3 5 5 5 5 0 5 5 5 5 0 0 0 0 0 0 0 0 0 5 5 0 5 0 3 0 0 0 0 0 5 0 0 0 0 1 3 0 5 0 0 0 5 5 0 3 5 0 5 0 3 5 5 0 5 5 0 0 5 0 0 0 0 5 0 0 0 0 3 3 0 0 3 0 1 0 0 0 0 0 0 0 0 0 -3 0 0 0 0 
dserra22
1 0 0 5 0 0 1 0 0 0 0 3 5 0 0 0 0 0 5 0 0 0 0 0 0 0 0 0 5 1 0 0 0 0 0 0 0 0 0 0 0 3 0 0 0 0 0 5 0 0 0 0 3 0 0 3 0 0 0 0 5 5 0 0 0 0 0 0 0 0 0 0 -5 0 0 0 0 1 5 0 0 0 0 5 0 0 0 0 0 0 0 0 0 0 0 0 0 0 
belol726
5 5 5 5 0 0 5 0 1 5 1 3 5 5 0 1 0 5 3 0 0 0 5 0 0 0 0 0 0 0 0 0 0 1 0 0 0 0 0 0 0 0 0 3 0 0 0 5 0 0 0 0 5 0 0 0 0 0 0 5 5 3 0 0 0 0 0 0 0 0 0 0 3 0 0 0 0 1 5 0 0 0 0 1 0 0 0 0 0 0 0 1 0 0 0 0 0 0 
FamFrank
0 0 0 3 0 0 0 0 0 0 0 0 3 1 0 0 0 5 0 0 0 0 0 0 0 0 0 0 0 0 0 0 0 0 0 0 0 0 0 3 0 0 0 0 0 0 0 1 0 0 0 0 5 0 0 3 0 1 0 0 3 5 0 0 0 0 0 0 0 0 0 0 0 0 0 0 0 0 3 0 0 0 0 5 0 0 0 0 0 0 0 0 0 0 0 0 0 0 
afries4
0 3 0 -3 0 5 0 0 5 -3 5 5 3 3 0 5 0 3 5 0 0 0 1 0 -3 0 0 0 0 0 0 0 0 0 0 0 0 0 0 -3 0 0 5 0 0 -3 0 3 0 0 0 3 -5 0 0 -3 0 1 0 0 1 1 0 0 1 0 0 0 0 0 0 0 3 0 0 0 0 0 -5 0 0 0 0 0 0 0 0 0 0 0 0 5 0 0 0 0 0 0 
gricoj2
0 0 0 3 0 0 3 0 0 0 0 3 1 0 1 0 0 0 3 0 0 0 0 0 0 0 0 5 3 5 3 3 0 0 0 0 0 0 0 1 0 3 0 0 0 3 0 0 0 0 0 3 1 0 0 3 0 0 0 3 3 3 0 0 3 0 0 3 0 0 0 0 3 0 0 0 0 0 3 0 0 0 0 1 0 0 0 0 0 0 0 1 0 0 0 0 0 0 
b28aguilar
0 0 0 3 0 0 0 0 1 0 1 1 3 0 0 0 0 5 1 0 0 0 0 0 0 0 0 0 5 5 0 0 0 1 0 0 0 0 0 0 0 0 0 0 0 0 0 1 0 0 0 0 5 0 0 5 0 0 0 0 3 3 0 0 0 0 0 0 0 0 0 0 1 0 0 0 0 0 5 0 0 0 0 1 0 0 0 0 0 0 0 0 0 0 0 0 0 0 
Elephant
3 3 0 3 1 3 0 0 3 0 1 3 0 3 0 0 0 3 5 1 0 0 0 0 0 0 0 1 3 0 0 0 0 0 0 1 0 0 0 1 3 1 0 0 1 1 3 0 0 0 0 0 5 0 0 0 0 0 0 0 1 0 0 0 0 0 0 0 0 0 0 0 3 1 0 0 3 3 3 0 0 0 0 0 0 0 0 0 0 0 0 1 1 0 0 0 0 0 
cmei25
0 0 0 0 0 0 0 0 0 0 0 0 0 0 0 0 0 0 0 0 0 0 0 0 0 0 0 0 0 0 0 0 0 0 0 0 0 0 0 0 0 0 0 0 0 0 0 0 0 0 0 3 0 0 0 0 0 0 0 0 0 0 0 0 0 0 0 0 0 0 0 0 0 0 0 0 0 0 0 0 0 0 0 0 0 0 0 0 0 0 0 0 0 0 0 0 0 0 
Meraj
5 5 5 5 0 0 0 0 5 5 5 5 5 5 0 5 0 5 5 0 0 5 5 5 0 0 0 0 5 5 0 0 0 5 0 5 0 0 5 5 5 0 5 0 0 5 0 5 0 0 5 0 5 0 5 5 0 5 0 5 5 5 0 0 5 1 0 0 0 0 0 0 3 0 0 0 0 5 5 0 0 0 0 0 0 0 0 0 0 0 0 0 0 0 0 0 0 0 
bananaBreadPudding57
0 0 0 5 0 0 0 0 0 0 0 5 5 0 0 0 0 3 5 0 0 0 0 0 0 0 0 0 3 5 0 5 0 0 0 0 0 0 0 0 0 0 0 0 0 0 0 1 0 0 0 0 5 0 0 3 0 0 0 0 5 5 0 5 0 0 0 1 0 0 0 0 3 0 0 0 0 0 5 3 0 0 0 0 0 0 0 0 0 0 0 0 0 0 0 0 0 0 
mcarno2
0 3 0 3 5 0 3 0 5 3 5 3 5 1 0 5 0 3 3 0 0 5 0 5 0 0 5 0 1 0 0 5 0 3 0 0 0 0 0 1 5 0 0 0 5 3 5 3 0 5 3 0 0 0 0 0 0 3 0 3 3 3 0 0 0 3 0 0 0 5 0 0 3 0 0 0 3 0 0 1 0 0 0 0 0 0 5 0 0 0 0 5 5 5 0 0 0 0 
NicdaoG
0 0 0 1 0 0 0 0 0 5 0 0 3 3 1 0 0 3 3 0 0 0 3 0 0 0 0 0 5 1 0 0 0 0 0 0 0 0 0 0 0 1 0 0 0 3 0 5 0 0 0 0 3 0 0 0 0 1 0 0 3 3 0 0 0 0 0 0 0 0 0 0 0 0 0 0 0 1 1 0 0 0 0 1 0 0 0 0 0 0 0 0 0 0 0 0 0 0 
nivek
0 0 0 5 0 5 0 0 0 0 0 0 5 5 0 0 0 5 1 0 0 0 0 0 0 0 0 0 5 5 0 0 0 1 0 0 0 0 0 0 3 0 0 0 0 0 0 0 0 0 0 0 1 0 0 0 0 0 0 0 5 0 0 0 0 0 0 0 0 0 0 0 0 0 0 0 0 0 0 0 0 0 0 3 0 0 0 0 0 0 0 0 0 0 0 0 0 0 
Danielle
5 1 1 3 0 0 3 0 5 5 5 5 3 5 5 5 0 5 5 0 5 0 0 0 -5 0 0 0 0 0 0 5 0 5 0 0 0 0 0 3 0 0 5 0 5 3 0 5 0 0 3 0 5 0 0 5 0 0 0 5 3 5 0 5 0 0 0 5 0 0 0 0 5 5 0 0 0 5 5 0 0 0 0 0 0 0 0 0 3 0 0 5 0 0 0 0 0 0 
vp98
5 3 3 5 0 3 3 0 0 1 1 3 5 5 0 0 1 3 5 0 0 0 3 0 0 0 0 0 5 0 0 0 3 0 0 0 0 0 0 0 0 0 0 3 0 1 0 5 0 0 0 0 5 0 1 3 0 5 0 5 5 5 0 0 0 0 0 0 1 0 0 0 1 0 0 0 0 0 5 0 0 0 0 5 0 0 0 0 0 0 0 3 0 1 0 0 0 0 
Caleb
5 5 3 5 1 0 5 0 5 5 5 5 3 3 1 5 3 5 3 5 0 3 1 0 3 1 0 5 3 5 0 5 1 5 1 0 0 0 0 3 5 1 1 3 1 3 3 5 0 0 1 3 3 0 0 5 0 5 3 3 1 5 0 0 5 1 0 5 0 0 0 0 5 1 0 0 0 1 5 1 0 5 0 3 0 0 1 0 0 0 1 1 0 3 0 0 0 0 
Kadan
0 0 0 3 0 0 1 0 5 0 5 5 0 3 1 5 5 5 5 0 0 0 0 0 5 0 0 0 3 0 0 0 0 5 0 0 0 -3 0 5 5 1 0 0 0 3 0 3 0 0 0 3 5 0 0 3 0 -3 0 0 3 3 0 0 3 0 0 0 0 0 0 0 5 0 0 0 -5 0 5 0 0 0 0 -3 0 0 0 3 3 0 0 3 0 1 0 0 0 0 
hchan34
0 3 3 3 0 0 0 0 3 3 3 3 0 0 0 3 0 3 3 3 0 0 3 0 0 0 3 0 0 3 0 5 0 0 3 0 0 0 0 3 0 0 0 0 0 0 0 3 0 0 0 5 5 0 3 0 0 5 0 0 3 5 0 0 3 0 0 5 0 0 0 0 3 0 0 0 0 0 3 0 0 3 0 0 0 0 5 5 5 0 0 0 0 0 0 0 0 0 
Nick R.
5 3 0 3 0 0 5 0 0 3 0 0 3 3 3 0 0 5 3 0 0 0 3 0 0 0 0 0 -3 1 5 3 0 0 0 0 0 -3 0 0 -3 0 0 0 0 5 0 0 0 0 0 3 3 0 0 0 0 3 0 5 5 -3 0 0 3 0 0 0 0 0 0 0 3 0 0 0 5 0 3 3 0 0 1 -3 0 3 0 0 0 0 0 3 0 0 0 0 0 0 
neelu_nerella
0 0 0 0 0 0 0 0 0 0 0 1 0 -3 0 0 0 0 5 0 0 0 0 0 0 0 0 0 5 0 0 0 1 0 5 0 0 0 0 0 0 0 0 0 0 0 0 1 0 0 0 0 -3 0 0 1 0 0 0 0 0 5 0 0 0 5 0 0 0 0 0 0 1 0 0 0 0 0 5 0 0 0 0 0 0 0 0 0 0 0 5 0 0 0 0 0 0 0 
maprez3
0 0 0 5 0 5 0 0 3 0 3 -5 1 0 0 3 0 5 -5 0 0 0 0 0 0 0 0 0 0 0 0 0 0 0 0 0 0 0 0 5 3 0 0 0 0 1 0 0 0 0 0 1 5 0 0 -3 0 0 0 0 5 3 0 0 0 0 0 5 0 0 0 0 -3 0 0 0 0 0 1 0 0 0 0 3 0 0 0 0 0 0 0 0 0 0 0 0 0 0 
zbekbo3
0 0 1 1 1 1 1 0 0 0 0 0 0 0 0 0 0 0 0 0 -3 -3 -3 -3 -3 -3 -3 -3 -3 -3 -3 -3 -3 -3 0 0 0 0 1 1 1 1 1 1 0 1 1 1 1 0 1 0 3 0 1 1 0 1 0 1 0 1 0 0 0 0 0 0 0 0 0 0 0 0 0 0 0 0 0 0 0 0 0 0 0 0 0 0 3 1 0 -3 -5 -3 0 1 3 5 
Jeffin
0 1 0 3 0 0 0 0 1 1 0 0 3 0 0 0 1 3 0 0 0 0 0 0 0 0 0 0 1 1 0 0 1 0 0 0 0 0 0 1 0 0 0 0 0 1 0 1 0 0 0 -3 3 0 0 3 0 -3 0 0 5 3 0 0 0 0 0 0 0 0 0 0 0 1 0 0 0 1 5 0 0 0 0 1 0 0 0 0 0 0 0 0 1 0 0 0 0 0 
Brandon Gonzalez
3 0 0 1 0 1 1 1 0 3 0 0 0 5 0 0 0 0 -3 0 0 0 0 0 0 0 0 0 5 5 0 0 3 0 5 0 3 0 1 1 0 0 0 0 0 1 0 0 0 0 0 1 5 0 0 3 0 1 0 0 3 5 0 0 1 0 5 0 5 0 0 0 0 0 0 0 0 0 3 0 0 0 0 3 0 0 0 0 0 0 5 0 0 0 0 0 0 0 
xmeng23
3 3 3 3 0 3 3 3 0 0 3 3 3 0 0 3 0 3 0 0 0 0 3 3 0 3 3 0 0 3 0 3 0 3 0 0 0 3 0 3 0 0 3 0 0 0 3 3 0 0 0 0 3 0 0 0 0 0 0 3 3 0 0 0 0 0 0 0 0 0 0 0 0 0 0 0 0 0 0 0 0 0 0 0 0 0 0 0 0 0 0 0 0 0 0 0 0 0 
Orly
5 0 0 5 0 0 5 0 0 5 0 5 5 5 0 0 5 3 5 0 0 5 5 0 0 0 5 0 5 5 0 0 0 0 0 0 0 0 0 3 5 0 3 3 3 3 3 3 0 0 3 3 3 0 0 1 0 5 0 5 5 5 0 0 3 0 0 0 0 0 0 0 3 0 0 0 3 1 3 3 0 3 5 0 0 0 5 0 0 0 0 0 0 0 0 0 0 0 
swang299
3 3 3 5 0 1 0 0 3 3 3 1 0 5 0 3 0 0 3 0 0 0 1 0 0 0 0 0 5 1 0 3 0 0 0 0 0 0 3 3 1 0 3 1 0 0 0 5 0 0 1 3 3 0 0 5 0 1 0 0 3 3 0 5 3 0 0 5 0 1 0 0 3 3 1 0 0 3 3 0 0 3 0 0 0 0 0 0 0 0 0 0 0 5 0 0 0 0 
dsheik2
3 3 0 3 5 0 3 0 0 3 0 1 1 3 0 0 3 5 1 5 0 3 3 3 0 0 0 0 1 1 1 5 0 1 1 5 3 0 0 1 3 0 0 1 1 0 3 3 0 0 1 1 3 3 5 3 0 3 0 3 1 1 1 5 1 3 0 3 3 5 0 0 1 0 0 0 3 0 3 1 0 5 3 0 0 5 0 0 0 5 0 0 0 3 0 0 5 0 
ccasim2
0 0 0 3 0 0 0 0 5 0 5 5 0 0 0 5 0 0 3 0 0 0 0 0 0 0 0 0 1 5 0 0 0 0 0 0 0 0 0 0 0 0 0 0 0 0 0 0 0 0 0 1 1 0 0 0 0 0 0 0 3 3 0 0 1 0 0 0 0 0 0 0 5 0 0 0 0 0 0 0 0 0 0 0 0 0 0 0 0 0 0 0 0 0 0 0 0 0 
David99
5 3 5 5 0 5 5 0 0 5 1 1 5 5 3 0 5 5 5 0 1 0 5 0 0 0 0 0 0 0 5 0 0 0 0 0 0 0 0 0 0 0 5 1 5 5 5 0 0 0 0 0 3 0 0 0 0 5 0 5 5 0 0 0 0 5 0 0 0 0 0 0 0 0 0 0 5 0 5 5 0 0 5 5 0 0 0 0 0 0 0 5 5 0 0 0 0 0 
asalga24
5 0 0 5 0 5 0 0 0 0 0 0 0 0 0 0 0 0 0 0 0 0 0 0 0 0 0 0 0 5 0 3 0 0 0 0 0 0 0 0 5 0 0 0 0 0 0 0 0 0 0 0 5 0 0 0 0 0 0 0 5 5 0 0 0 0 0 0 0 0 0 0 0 0 0 0 0 0 1 0 0 0 0 0 0 0 5 0 0 0 0 0 0 0 0 0 0 0 
rak3rman
0 5 5 1 0 0 0 0 3 3 3 5 3 5 0 3 0 5 5 0 0 0 0 0 -3 0 0 0 5 0 0 0 0 5 0 0 0 1 0 1 0 0 0 0 0 -3 0 3 0 0 0 0 3 0 0 0 0 0 0 5 1 5 0 0 0 0 0 0 0 0 0 0 5 0 0 0 0 0 5 0 0 0 0 0 0 0 0 0 0 0 0 0 0 1 0 0 0 0 
Icon21
0 0 0 5 0 0 0 0 0 0 0 0 5 0 0 0 0 0 5 0 0 0 3 0 0 0 0 0 0 3 0 0 0 0 0 0 0 0 0 0 0 0 0 0 0 0 0 3 0 0 0 3 5 0 0 0 0 3 0 3 5 5 0 0 0 0 0 0 0 0 0 0 0 0 0 0 0 0 3 0 0 0 0 0 0 0 0 0 0 0 0 0 0 0 3 0 0 0 
magic
3 5 3 5 0 5 0 0 5 3 5 5 5 1 0 3 0 3 3 0 3 0 0 5 0 0 0 0 0 0 0 3 0 0 0 0 0 0 0 0 0 3 0 0 3 5 0 5 0 1 0 0 5 0 0 5 0 5 0 5 5 5 0 0 0 0 0 0 0 0 0 0 5 0 0 0 0 5 5 0 0 0 0 0 0 0 0 0 0 0 0 5 5 0 0 0 5 0 
hnadee2
0 1 1 3 0 0 0 0 1 3 0 0 0 3 0 0 0 3 1 0 0 0 0 0 0 0 0 0 3 0 0 0 0 0 0 0 0 0 0 0 5 0 0 0 0 0 0 3 0 0 0 0 0 0 0 0 0 0 0 0 0 0 0 0 0 0 0 0 0 0 0 0 0 0 0 0 0 0 3 0 0 0 0 0 0 0 0 0 0 0 0 0 0 0 0 0 0 0 
DankOranges34
5 5 5 3 0 5 5 0 0 3 0 5 5 1 5 0 5 3 3 0 0 0 -3 0 5 0 0 0 3 5 0 1 3 0 -3 0 0 5 0 3 5 0 0 0 0 0 0 5 0 0 0 3 5 0 0 0 0 5 0 3 3 5 0 0 0 0 0 0 0 0 5 0 3 0 0 0 5 -3 0 3 0 5 1 0 0 5 3 0 0 0 5 5 0 5 0 0 0 0 
kamihada
0 0 0 5 0 0 0 0 0 0 0 0 3 0 0 0 0 0 0 0 0 0 0 0 0 0 0 0 0 3 0 5 0 0 0 0 0 0 0 0 0 3 0 0 0 0 0 3 0 0 0 0 3 0 0 3 0 0 0 0 5 3 0 0 0 0 0 5 0 0 0 0 0 0 0 0 0 0 3 0 0 0 0 3 0 0 0 0 0 0 0 0 0 0 0 0 0 0 
jgarc241
0 0 0 5 0 0 0 0 0 0 0 0 5 5 0 0 0 0 0 0 0 0 5 0 0 0 0 0 0 0 0 0 0 0 0 0 0 0 0 0 0 0 0 0 0 0 0 0 0 0 0 0 5 0 0 5 0 0 0 0 5 0 0 0 0 0 0 0 0 0 0 0 0 0 0 0 0 0 5 0 0 5 0 5 0 5 0 0 0 0 0 0 0 0 0 0 0 0 
mcowl
0 0 0 3 0 0 0 0 0 1 0 1 3 0 0 0 0 5 1 0 0 0 0 0 0 0 0 0 0 0 0 0 0 0 0 0 0 0 0 0 0 0 0 0 0 0 0 1 0 0 0 0 3 0 0 1 0 0 0 0 3 5 0 0 0 0 0 0 0 0 0 0 0 0 0 0 0 1 3 0 0 0 0 0 0 0 0 0 0 0 0 0 0 0 0 0 0 0 
mikeli
0 5 3 3 5 5 3 5 5 3 5 5 5 5 5 5 3 5 5 0 0 0 3 0 5 0 0 0 5 5 0 5 5 0 0 0 0 5 0 0 0 3 1 0 0 1 1 3 0 0 5 0 5 0 3 5 0 0 0 3 1 5 3 0 0 0 0 0 0 0 0 0 3 0 0 0 0 5 3 0 0 0 0 3 0 3 5 0 0 0 0 0 0 5 0 0 0 5 
kheath3
0 3 3 1 3 0 5 1 5 3 5 1 3 3 0 5 0 1 0 5 0 3 3 3 3 0 5 0 3 0 0 5 3 1 3 3 5 0 3 1 0 3 0 5 0 0 0 3 3 0 0 1 3 0 3 3 0 0 0 3 1 0 0 0 0 3 0 0 3 0 0 1 1 0 3 0 0 0 1 3 3 0 1 1 0 3 0 0 5 5 3 3 0 0 0 0 5 1 
Frog
5 5 5 5 0 0 0 0 5 0 5 5 5 0 0 5 3 3 5 0 0 5 0 5 0 5 5 0 5 5 0 5 3 0 5 0 3 0 0 3 5 0 0 0 0 0 0 5 0 1 0 0 5 0 0 0 0 0 0 5 5 5 0 0 0 0 0 0 0 0 0 0 5 0 0 0 0 3 3 0 0 0 0 5 0 5 0 0 0 0 0 5 0 0 0 0 0 0 
kpate391
0 0 0 0 0 0 0 0 0 0 0 0 0 0 0 0 0 0 3 0 0 0 0 0 0 0 0 0 0 0 0 0 0 0 0 0 0 0 0 0 0 0 0 0 0 0 0 0 0 0 0 0 0 0 0 0 0 0 0 0 0 5 0 0 0 0 0 0 0 0 0 0 0 0 0 0 0 0 5 0 0 0 0 3 0 0 0 0 0 0 0 1 0 0 0 0 0 0 
djolero
5 5 5 5 3 3 -3 -3 1 3 1 3 3 5 0 0 1 3 5 1 -3 -3 1 0 0 0 1 1 3 3 3 5 -3 -3 -3 0 0 1 0 3 1 5 5 0 -3 1 -3 5 0 0 0 1 3 0 0 0 0 0 0 3 5 -3 -3 -5 3 -3 0 5 -3 0 0 0 5 1 0 -3 1 -5 3 0 -3 0 0 1 0 0 1 -3 0 0 -3 -3 0 1 -5 0 5 -3 
Storm
-5 -3 0 1 3 5 3 1 0 -3 -5 -3 0 1 3 5 3 1 0 -3 -5 -3 0 1 3 5 3 1 0 -3 -5 -3 0 1 3 5 3 1 0 -3 -5 -3 0 1 3 5 3 1 0 -3 -5 -3 0 1 3 5 3 1 0 -3 -5 -3 0 1 3 5 3 1 0 -3 -5 -3 0 1 3 5 3 1 0 -3 -5 -3 0 1 3 5 3 1 0 -3 -5 -3 0 1 3 5 3 1 
jhurta9
0 0 0 0 0 0 0 0 0 0 0 0 0 0 0 0 0 0 0 0 0 0 0 0 0 0 0 0 0 0 0 0 0 0 0 0 0 0 0 0 0 0 0 0 0 0 0 0 0 0 0 0 0 0 0 0 0 0 0 0 0 0 0 0 0 0 0 0 0 0 0 0 0 0 0 0 0 0 0 0 0 0 0 0 0 0 0 0 0 0 0 0 0 0 0 0 0 0 
Siddharth09
0 5 5 5 0 0 0 3 5 0 5 3 0 3 0 3 0 3 3 0 3 0 0 0 0 0 0 0 5 0 0 0 0 0 0 0 0 5 0 5 0 0 0 0 0 3 5 0 0 0 0 0 1 0 3 0 0 0 0 0 5 0 0 0 5 0 0 0 0 0 0 0 5 0 0 0 0 0 5 0 0 0 0 0 0 0 0 0 0 0 0 0 0 0 0 5 0 0 
canarino_al_cioccolato
0 5 5 5 0 0 5 0 3 0 3 1 0 3 0 3 0 0 0 0 0 0 0 0 0 0 3 3 3 1 1 0 0 1 0 0 0 0 0 0 0 0 0 0 0 1 0 1 0 0 -3 3 0 0 -3 0 0 0 0 1 0 1 0 0 0 0 0 0 0 0 0 0 1 0 0 0 0 1 -3 0 0 0 0 0 0 0 0 0 0 0 0 3 0 0 0 0 0 0 
faigne2
5 0 0 5 0 0 3 0 0 3 0 0 0 0 5 0 0 5 0 0 0 5 3 0 0 0 0 0 5 3 0 0 0 0 0 0 0 0 0 0 3 3 3 0 0 5 0 0 0 0 0 0 5 0 0 0 0 0 0 0 5 3 0 0 0 0 0 0 0 0 0 0 0 0 0 0 0 5 3 0 0 0 0 5 0 0 0 0 0 0 0 0 0 1 0 0 0 0 
amadni2
0 0 0 0 0 0 0 0 0 0 0 0 -3 5 0 0 0 0 -5 0 0 0 0 0 0 0 0 0 3 0 0 0 0 0 0 0 0 0 0 0 0 0 0 0 0 0 0 0 0 0 0 0 3 0 0 0 0 0 0 0 0 0 0 0 0 0 0 0 0 0 0 0 -5 0 0 0 0 0 0 0 0 0 0 0 0 0 0 0 0 0 0 0 0 0 0 0 0 0 
efeder2
0 5 5 5 0 0 0 0 3 0 5 3 0 5 0 5 0 5 5 0 0 0 0 0 3 0 0 0 5 0 0 0 0 5 3 0 1 0 0 1 5 0 0 0 0 5 0 3 0 0 0 0 1 0 0 1 0 -3 0 0 3 5 0 0 0 3 0 0 0 0 0 0 3 0 0 0 0 0 3 0 0 0 0 1 0 5 0 0 5 0 5 5 0 5 0 0 0 0 
ldmoy2
0 0 0 3 0 0 0 0 0 1 0 1 0 3 0 0 0 5 1 0 0 0 0 0 0 0 0 0 1 5 0 0 0 0 0 0 0 0 0 1 0 0 0 0 0 5 0 1 0 0 0 5 1 0 0 0 0 0 0 0 3 5 0 0 5 0 0 0 0 0 0 0 1 0 0 0 0 0 1 0 0 0 0 3 0 0 0 0 0 0 0 0 0 0 0 0 0 0 
rbarra6
0 0 0 5 0 5 3 0 0 0 0 0 5 0 0 0 0 0 1 0 0 0 0 0 0 0 0 0 0 0 0 5 0 0 0 0 0 0 0 0 0 3 5 0 0 0 0 0 0 0 0 0 3 0 0 5 0 0 0 3 3 5 0 0 0 0 0 3 0 0 0 0 0 0 0 0 0 0 5 0 0 0 0 3 0 0 0 0 0 0 0 0 0 0 0 0 0 0 
boky
0 0 0 0 0 0 0 0 0 0 0 0 0 0 0 0 0 3 0 0 0 0 0 0 0 0 0 0 0 0 0 5 0 0 0 0 0 0 0 0 0 0 0 5 0 0 0 3 0 0 0 1 3 0 0 3 0 0 0 0 0 5 0 0 0 0 0 3 0 0 0 0 0 0 0 0 0 0 3 0 1 0 0 -3 0 0 0 0 0 0 0 0 0 0 0 0 0 0 
apalac23
5 0 0 5 0 0 1 1 3 3 3 5 3 0 0 3 0 3 3 0 0 0 0 0 0 0 0 0 0 0 0 3 0 0 0 0 0 0 0 0 0 0 0 0 0 5 0 3 0 0 0 3 5 0 1 1 0 0 0 3 3 3 0 0 3 0 0 0 0 0 0 0 5 0 0 0 0 0 3 0 0 3 0 1 0 0 0 0 0 0 0 0 0 0 0 0 0 0 
freezeroid
0 0 0 1 0 0 0 0 3 0 3 0 0 5 0 3 0 5 0 0 0 0 0 0 0 0 0 0 5 0 0 5 0 0 0 0 0 0 0 1 0 0 0 0 0 0 0 3 0 0 0 -5 3 0 3 3 0 -5 0 0 0 0 0 0 0 0 0 5 0 0 0 0 0 0 0 0 0 0 1 0 0 0 0 0 1 0 0 0 0 0 0 1 0 0 0 0 0 0 
prod1gy
0 0 0 0 0 0 0 0 0 0 5 5 5 5 0 0 0 5 5 5 5 5 5 0 0 0 0 0 5 0 0 0 0 0 0 0 0 0 0 0 0 0 0 0 0 0 0 0 0 0 0 0 0 0 0 0 0 0 0 0 0 0 0 0 0 0 0 0 0 0 0 0 0 0 0 0 0 0 0 0 0 0 0 0 0 0 0 0 0 0 0 0 0 0 0 0 0 0 
burhan
5 5 5 5 0 0 0 0 0 5 0 3 5 5 0 0 0 5 5 0 0 0 0 0 0 0 0 0 0 1 0 0 0 5 -3 0 0 0 0 5 0 0 0 0 0 0 0 0 0 0 0 3 5 0 0 5 0 0 0 -3 5 5 0 0 0 0 0 0 0 0 0 0 3 0 0 0 0 0 5 0 0 0 0 3 0 0 0 0 0 0 0 5 0 0 0 0 0 0 
rruiz30
0 5 0 5 0 0 5 0 0 5 0 0 3 0 3 3 0 0 5 0 0 0 0 0 0 0 0 0 5 0 3 5 1 0 0 0 0 0 0 0 5 0 0 1 0 0 5 0 0 0 0 0 5 0 0 3 0 0 0 5 5 3 0 0 0 1 0 0 0 0 0 0 0 0 0 0 5 0 1 0 0 5 0 3 0 0 3 0 0 0 0 3 0 0 0 0 3 0 
fkhan78
5 5 5 5 0 3 0 0 3 3 3 3 5 5 0 3 0 0 1 0 0 0 0 0 0 5 0 0 5 5 0 0 0 5 0 0 0 3 0 5 0 0 5 0 0 5 0 3 0 0 0 3 5 0 0 0 0 0 0 3 5 3 0 0 5 0 0 0 0 0 0 0 5 0 0 0 0 0 5 0 0 0 0 0 3 0 0 0 0 0 0 0 0 0 0 0 0 0 
emily
0 5 5 5 -3 -3 3 5 -3 0 -3 -5 5 5 0 -3 5 5 -5 -5 0 -3 1 0 0 0 0 1 1 5 0 5 0 -3 -3 0 0 0 0 -3 0 0 0 0 0 0 0 -5 0 0 0 0 3 0 0 -5 0 5 0 0 5 5 1 0 0 0 0 0 0 0 0 0 -5 0 0 0 1 1 1 0 0 0 0 5 0 0 0 0 0 0 0 5 5 0 0 0 0 0 
msweis8
3 5 5 5 0 3 5 3 1 5 1 5 5 5 5 1 5 3 5 0 3 3 1 1 0 0 3 0 5 3 0 0 1 3 1 0 0 1 0 1 5 1 3 3 3 3 0 5 1 0 5 1 3 0 1 3 1 1 0 3 5 5 0 0 1 1 0 0 0 0 0 0 1 3 0 0 1 3 5 0 0 5 5 3 3 0 1 1 0 0 1 1 0 1 3 3 0 0 
Harshil Bhatt
-5 0 0 0 3 5 3 1 3 1 0 -3 0 1 3 1 0 -3 -3 0 1 3 1 0 -3 0 1 0 -3 0 1 3 1 0 -3 -5 -3 0 1 3 5 3 1 0 0 0 0 0 0 0 -3 -5 1 0 5 5 5 5 0 -3 5 3 0 3 0 -3 3 -3 3 3 0 0 1 3 5 3 3 3 3 3 3 3 1 1 1 1 1 1 1 1 1 1 5 5 1 3 5 3 
Mirac Kara
5 0 0 5 0 0 0 0 0 3 0 5 5 3 0 0 0 3 5 0 0 0 3 0 0 0 0 0 5 3 0 0 0 1 0 0 0 0 0 0 0 0 0 0 0 0 0 5 0 0 0 3 3 0 0 5 0 5 0 3 5 5 0 0 0 0 0 0 0 0 0 0 5 1 0 0 0 3 5 0 0 1 0 -3 0 0 0 0 0 0 0 5 0 0 0 0 0 0 
dwarr3
3 1 1 3 0 3 1 0 1 3 -3 -3 1 3 0 0 0 3 -3 0 0 0 0 0 0 0 0 0 5 1 0 5 1 0 0 0 0 1 0 1 3 0 0 0 1 1 0 0 0 0 5 0 -3 1 0 5 0 0 0 3 3 3 1 0 0 0 0 0 0 0 0 0 0 0 0 0 0 0 3 0 0 0 0 1 1 1 0 0 0 0 0 0 0 0 0 0 0 0 
khwang21
0 1 0 0 0 0 0 0 0 0 0 0 3 1 0 0 0 -3 0 0 0 0 0 0 0 0 0 0 1 1 0 1 0 0 0 0 0 0 0 0 0 0 0 0 0 0 0 0 0 0 0 0 3 0 1 1 0 1 0 0 0 1 0 0 0 0 0 0 0 0 0 0 0 0 0 0 0 0 1 0 0 0 0 1 0 0 0 0 0 0 0 0 0 0 0 0 0 0 
Amaan
0 0 0 5 0 0 1 0 5 5 5 3 3 5 0 5 0 3 3 0 0 3 0 0 0 0 0 0 5 3 0 0 0 1 0 0 0 0 0 0 0 0 0 0 0 0 0 3 0 0 0 0 5 0 0 5 0 0 0 0 5 5 0 0 0 0 0 0 0 0 0 0 3 0 0 0 0 0 5 0 0 0 0 0 0 0 3 0 0 0 0 0 0 0 0 0 0 0 
ypatel49
5 5 5 5 0 1 1 3 5 5 5 5 -3 5 0 5 -3 5 5 5 1 5 1 0 0 1 0 1 5 5 5 1 1 3 5 1 0 3 0 5 0 1 -3 0 1 5 1 3 0 5 3 0 5 3 5 3 1 1 0 0 5 5 1 5 0 1 1 0 0 1 0 0 5 1 0 0 0 1 5 3 1 3 3 5 0 0 0 0 1 0 -3 0 0 -3 3 3 1 3 
tkhan34
3 0 0 0 0 0 0 0 3 0 3 0 1 3 0 3 0 0 0 0 0 0 0 0 0 0 0 0 3 0 0 5 0 0 0 0 0 3 0 0 0 0 0 -3 0 0 0 3 0 0 0 0 5 0 0 5 0 0 0 0 0 1 0 0 0 0 0 0 0 0 0 0 0 0 -3 0 0 0 3 0 0 0 0 1 0 0 0 0 0 0 1 1 0 -5 0 0 0 0 
RecTech
1 3 3 3 1 0 0 1 3 1 3 3 0 1 0 3 5 3 3 0 1 0 0 0 0 0 0 0 0 0 0 0 0 0 0 0 0 0 0 1 0 0 0 0 0 0 1 1 1 0 1 0 5 0 1 1 0 0 0 0 3 5 0 0 0 0 0 0 0 0 0 0 3 1 0 0 0 0 5 0 0 0 0 3 0 0 0 0 0 0 0 0 0 0 0 0 0 1 
JManqu2
0 0 0 1 0 0 3 0 0 3 0 0 0 1 0 0 0 3 0 0 0 0 0 0 0 0 0 0 0 0 0 0 0 0 0 0 0 0 0 0 0 3 0 0 0 0 0 0 0 0 0 0 3 0 0 0 0 0 0 3 1 1 0 0 0 0 0 0 0 0 0 0 0 0 0 0 3 0 1 0 0 0 0 3 0 0 0 0 0 0 0 0 0 0 0 0 0 0 
dgallu2
5 1 0 3 0 0 1 0 0 0 0 3 3 3 0 0 3 1 3 0 0 0 5 0 0 0 0 0 1 5 0 3 0 0 3 0 0 0 0 3 0 5 0 0 0 0 0 5 0 0 0 3 1 0 0 3 0 0 0 5 3 1 0 0 1 0 0 0 0 0 0 0 3 0 0 0 0 0 3 3 0 0 0 1 0 0 5 0 0 0 0 1 0 1 0 0 0 0 
sohaga2
5 0 0 5 0 0 0 0 5 5 5 5 5 5 0 5 0 5 5 0 0 0 3 0 0 3 0 0 5 5 0 5 0 5 0 0 0 0 0 5 0 5 5 0 0 5 -3 5 0 0 0 0 5 0 0 3 0 0 0 0 5 5 0 0 0 0 0 0 0 0 0 0 1 0 0 0 0 3 5 0 0 0 0 0 0 0 0 0 0 0 0 3 0 0 0 0 0 0 
ebrede2
5 0 0 5 0 0 5 3 0 5 0 0 5 5 0 0 0 3 0 0 0 5 5 0 0 0 0 0 5 0 0 5 0 0 5 0 0 0 0 0 0 5 5 5 0 0 0 1 0 0 3 5 0 0 0 5 0 5 0 3 3 5 5 0 0 0 0 0 0 0 0 0 0 0 0 0 5 0 5 5 0 5 0 0 0 5 0 0 0 0 0 0 0 5 0 0 0 0 
Youshu
0 0 0 0 0 0 0 0 0 0 0 0 0 0 0 0 0 0 0 0 0 0 0 0 0 0 0 0 0 0 0 3 0 0 0 0 0 0 0 0 0 0 0 0 0 0 0 0 0 0 0 0 0 0 0 5 0 0 0 0 0 1 0 0 0 0 0 0 0 0 0 0 0 0 0 0 0 0 3 0 0 0 0 0 0 0 0 0 0 0 0 0 0 0 0 0 0 0 
Muhammed Mbow
0 1 1 3 3 3 1 1 0 -3 0 -3 -3 -3 -3 -3 -3 -3 -3 -3 0 0 1 0 0 -3 0 -3 3 -3 -3 0 0 0 1 0 1 0 0 -3 -5 1 0 -3 0 0 1 0 0 -5 1 0 -3 1 0 -3 -3 0 0 0 1 5 -3 -3 0 0 -3 0 1 -3 0 0 0 0 -3 -3 -3 -3 -3 1 1 1 1 0 0 0 -3 5 0 1 -3 0 -5 1 -3 5 -3 0 
hxu65
1 0 3 0 0 1 0 -3 3 -3 5 -3 0 3 -3 0 0 1 0 -3 1 0 0 1 0 -3 3 -3 0 1 0 -3 1 0 0 3 0 1 0 1 -3 1 0 3 0 1 1 1 0 0 0 -5 1 0 1 0 0 1 1 3 3 3 1 0 0 1 1 0 0 0 -3 1 0 3 0 1 0 1 -3 1 0 1 3 0 0 3 1 -3 1 0 1 -3 1 0 0 1 0 1 
Sunny
0 5 5 5 0 0 5 0 5 5 0 3 0 5 0 1 0 5 3 0 0 0 5 0 0 0 0 0 0 5 0 5 0 0 3 0 0 0 0 3 0 0 0 0 0 3 0 5 0 0 0 0 5 0 0 0 0 0 0 0 5 5 0 0 0 0 0 5 0 0 0 0 3 0 0 0 0 5 5 0 0 0 0 0 0 0 5 0 0 0 0 0 0 0 0 0 0 0 
Savila25
3 0 0 3 0 0 0 0 0 0 0 0 0 5 0 0 0 0 0 0 0 0 0 0 0 0 0 0 0 0 0 0 0 0 0 0 0 0 0 0 0 0 0 0 0 0 0 0 0 5 0 0 3 0 0 5 0 3 0 0 3 5 0 0 3 0 0 0 0 0 0 0 0 0 0 0 0 0 5 0 0 0 0 3 0 0 0 0 0 0 0 0 0 0 0 0 0 0 
aalawi5
0 5 5 5 -3 0 0 -5 -5 0 -5 -5 0 0 0 -5 0 5 -3 0 1 -3 0 0 3 1 0 0 1 0 0 0 3 0 5 -3 0 0 5 3 0 0 0 0 1 0 0 0 1 1 -5 -5 5 0 0 0 0 0 0 -3 1 0 1 0 1 1 1 0 1 1 0 0 -3 5 5 1 0 0 5 0 0 5 1 3 5 0 3 1 1 1 3 0 0 -3 0 -3 -5 -5 
OldSpice1234
5 5 5 5 1 5 3 0 0 1 0 5 0 0 0 0 0 -3 5 0 0 1 0 0 0 0 0 0 3 0 0 0 0 5 0 0 0 0 0 -3 0 5 0 0 0 0 0 0 0 0 0 3 5 0 0 0 0 0 0 5 5 5 0 0 0 0 0 0 0 0 0 0 3 0 0 0 0 0 1 0 0 0 0 0 0 0 0 0 0 0 0 0 0 0 0 0 0 0 
Yesh S
0 0 0 3 0 0 0 0 1 3 1 0 3 3 0 0 0 3 0 0 0 0 0 0 0 0 0 0 0 0 0 0 0 0 0 0 0 0 0 3 0 0 0 0 0 0 0 0 0 0 0 0 5 0 0 0 0 0 0 0 3 3 0 0 0 0 0 0 0 0 0 0 0 0 0 0 0 0 3 0 0 0 0 -3 0 0 0 0 0 0 0 0 0 0 0 0 0 0 
herve001
5 5 5 3 1 1 0 5 5 1 3 5 0 1 1 5 1 5 5 3 5 0 1 0 0 0 1 5 5 0 1 1 3 3 0 3 1 1 0 5 0 1 1 3 3 5 3 5 0 0 1 1 5 3 3 3 1 1 3 3 3 1 1 1 3 1 1 1 3 3 1 0 5 3 3 1 0 5 5 1 1 5 1 0 0 0 3 3 3 3 3 0 0 5 3 0 0 0 
tlimba2
0 5 3 1 0 0 5 0 5 3 5 3 3 5 0 5 0 5 5 0 0 0 0 0 3 0 0 0 3 3 0 0 0 3 3 0 0 0 0 1 0 0 0 0 0 0 0 1 0 0 0 5 5 0 0 0 0 3 0 5 1 1 0 0 0 0 0 0 0 0 0 0 5 0 0 0 0 1 1 0 0 0 0 0 0 0 3 0 0 0 0 5 0 0 0 0 0 0 
emonte9
3 0 0 3 0 1 0 0 5 0 5 3 0 0 0 3 -3 5 3 0 -3 0 0 -5 0 0 0 0 3 5 -5 0 0 0 0 0 0 0 0 3 0 0 -3 0 0 3 0 -3 0 0 0 0 5 0 -3 0 0 0 0 0 1 5 -5 0 0 0 0 3 0 0 0 0 -3 0 0 0 0 0 5 0 0 0 0 0 0 0 1 0 0 0 0 0 0 0 0 0 0 0 
nik
0 3 3 5 0 0 -3 0 -3 5 0 1 0 5 0 1 1 5 3 0 0 1 0 0 0 1 0 0 5 0 0 0 1 0 0 0 0 0 0 3 1 0 0 0 0 -3 0 0 0 0 5 0 5 0 0 0 0 0 0 0 5 0 0 0 0 0 0 0 0 0 0 0 1 0 0 0 0 0 1 0 0 0 0 0 0 0 0 0 0 0 0 0 0 0 0 0 0 0 
sora2781
0 0 0 0 0 0 0 0 0 0 0 0 0 0 0 0 0 5 1 0 0 0 0 0 0 0 0 0 0 0 0 0 0 0 0 0 0 0 0 0 0 0 0 0 0 0 0 0 0 0 0 0 5 0 0 5 0 0 0 0 0 5 0 0 0 0 0 0 0 0 0 0 5 0 0 0 0 0 5 0 0 0 0 0 0 0 0 0 0 0 0 0 0 0 0 0 0 0 
recommended122
0 1 0 0 0 0 0 0 1 -3 1 3 0 0 0 0 0 0 1 0 0 0 0 0 0 0 0 0 0 0 0 0 0 0 0 0 0 0 0 1 0 0 0 0 0 3 0 0 0 0 0 0 5 0 0 0 0 0 0 0 0 0 0 0 0 0 0 0 0 0 0 0 0 0 0 0 0 0 0 0 0 0 0 0 0 0 0 0 0 0 0 0 0 0 0 0 0 0 
Gus
0 0 0 0 0 0 0 0 0 0 0 0 0 5 0 0 0 0 1 0 0 0 0 0 0 0 0 0 0 0 0 3 0 0 0 0 0 0 0 0 0 0 0 0 0 0 0 0 0 0 0 0 1 0 0 1 0 0 0 0 0 3 0 5 0 0 0 1 0 0 0 0 0 0 0 0 0 0 0 0 0 0 0 0 0 0 0 0 0 0 0 0 0 0 0 0 0 0 
cgalar5
0 0 0 3 3 3 1 0 1 3 1 5 5 5 0 3 0 3 1 0 0 0 0 0 3 0 0 0 3 1 0 5 3 3 5 0 0 0 0 3 0 0 0 0 0 0 0 3 0 0 0 1 5 0 0 3 0 3 0 0 3 5 1 5 0 0 0 0 0 0 0 0 3 0 0 0 0 3 5 1 0 3 1 5 0 0 5 0 0 0 0 0 0 0 0 0 0 0 
hchris6
0 0 0 -3 0 0 0 0 3 1 3 3 3 1 0 3 0 5 5 0 0 0 0 0 0 0 0 0 0 1 0 3 0 5 0 0 0 0 0 0 0 0 0 0 0 0 0 5 0 0 0 -3 3 0 0 3 0 0 0 0 -3 5 0 0 -3 0 0 0 0 0 0 0 5 0 0 0 0 0 3 0 0 0 0 1 0 0 0 0 0 0 0 0 0 0 0 0 0 0 
mwu52
0 0 0 5 0 0 5 0 0 0 0 5 5 5 0 0 0 5 5 0 0 0 0 0 0 0 0 0 0 5 0 5 0 5 0 0 0 0 0 0 0 0 0 0 5 0 0 5 0 0 0 5 5 0 0 5 0 5 0 5 5 5 0 0 5 0 0 0 0 0 0 0 5 0 0 0 0 0 5 0 0 3 0 0 0 0 0 0 0 0 0 5 0 0 0 0 0 0 
pattyv
0 5 5 5 0 0 0 0 5 5 0 5 5 3 5 0 3 3 5 0 1 0 0 0 0 0 0 0 1 0 0 5 0 0 0 0 0 0 0 0 0 0 0 0 0 0 1 0 0 1 0 0 0 0 0 1 0 0 0 3 3 1 0 0 0 -5 0 0 0 0 0 0 1 1 0 0 0 0 1 0 0 0 0 0 0 0 0 0 0 0 0 0 0 0 0 0 0 0 
sp1109
5 0 0 3 5 0 0 0 0 0 0 0 5 0 0 0 0 3 0 0 0 0 0 0 0 0 0 0 5 5 0 0 0 0 0 0 0 0 0 0 0 3 0 0 0 3 0 0 0 0 0 0 5 0 0 5 0 0 0 0 3 5 0 0 0 0 0 0 0 0 0 0 0 0 0 0 0 0 5 0 0 0 0 1 0 0 0 0 0 0 0 0 0 0 0 0 0 0 
kannam2
5 1 1 5 0 0 0 0 5 5 5 3 3 5 0 5 3 -3 3 5 0 5 0 3 3 5 0 5 5 0 0 3 0 0 5 0 0 0 0 -3 0 5 5 0 0 1 0 0 0 0 5 1 3 5 0 3 0 0 0 5 5 5 0 0 0 0 0 0 0 0 0 0 0 1 0 0 0 0 -3 0 0 0 0 0 0 0 0 0 0 0 0 0 0 0 0 0 0 0 
ajpudi
0 0 0 5 0 0 0 0 0 0 0 5 3 0 0 0 0 5 5 0 0 0 0 0 0 0 0 0 3 0 0 0 0 0 0 0 0 0 0 5 -5 0 0 0 0 0 0 5 0 0 0 0 5 0 0 3 0 0 0 0 3 5 0 0 0 0 0 0 0 0 0 0 3 0 0 0 0 0 3 0 0 0 0 1 0 0 0 0 0 0 0 0 0 0 1 0 0 0 
Hao
0 0 0 0 0 0 0 0 3 0 3 3 1 5 0 1 0 3 1 0 0 0 0 0 0 0 0 0 0 0 0 0 0 0 0 0 0 0 1 0 0 0 0 0 0 0 0 3 0 0 0 1 3 0 1 1 0 0 0 0 0 0 0 0 0 0 0 0 0 0 0 0 0 0 0 0 0 0 1 0 0 0 0 1 0 0 0 0 0 0 0 0 0 0 0 0 0 0 
sjoy5
0 3 0 5 0 0 0 0 0 0 0 0 0 0 0 0 0 1 0 0 0 0 0 0 0 0 0 0 0 3 0 0 0 0 0 0 0 0 0 0 0 0 0 0 0 1 0 0 0 0 0 3 5 0 0 0 0 0 0 0 5 0 0 0 0 0 0 0 0 0 0 0 0 0 0 0 0 0 3 0 0 0 0 3 0 0 0 0 0 0 0 0 0 0 0 0 0 0 
bperzee1
0 -5 -5 0 0 0 0 0 0 0 0 0 -3 3 0 0 0 0 0 0 0 0 3 0 0 0 0 0 0 0 0 0 0 0 3 0 0 0 0 0 0 0 3 0 0 0 0 3 0 0 0 0 5 0 0 5 0 0 0 0 0 5 0 0 0 0 0 0 0 0 0 0 0 0 0 0 0 0 3 0 0 0 0 3 0 0 0 0 0 0 0 0 0 0 0 0 0 0 
bkopec4
-3 1 0 3 -3 3 -5 5 -3 0 -3 1 0 -3 1 1 0 -3 -3 0 1 0 -3 0 3 1 -3 1 5 -5 3 5 5 5 -5 -3 -3 0 3 1 0 5 -5 -5 3 -3 -3 0 1 0 -3 0 0 3 -3 1 -5 -3 -3 3 1 -3 -3 -5 1 3 0 -3 -5 1 3 1 0 -3 0 -5 5 3 1 -5 -3 1 0 0 0 0 -5 -3 0 1 1 0 3 5 3 1 -3 -5 
balani3
3 3 3 5 0 0 0 0 0 3 0 0 3 0 0 0 0 3 1 0 0 0 0 0 0 5 3 0 0 0 3 0 0 0 0 0 0 0 0 0 3 0 0 0 0 0 0 3 0 0 0 0 3 0 0 0 3 0 0 0 3 3 0 0 0 0 0 0 0 0 0 0 0 0 0 0 0 0 1 0 0 1 0 0 0 0 0 0 0 0 0 0 0 0 0 0 0 0 
Connor
0 0 0 0 0 0 0 0 3 0 3 5 1 3 0 3 0 3 3 0 0 0 0 0 0 0 0 0 3 3 0 5 0 0 0 0 0 0 0 3 0 0 0 0 0 0 0 5 0 0 0 1 1 0 0 0 0 0 0 0 1 3 0 0 0 0 0 0 0 0 0 0 5 0 0 0 0 0 3 0 0 0 0 0 0 0 0 0 0 0 0 0 0 1 0 0 0 0 
derBearJew
5 3 3 3 5 5 5 3 5 5 5 3 5 3 5 5 3 3 3 3 0 5 5 3 1 0 5 3 1 1 -3 3 -3 3 5 1 0 0 1 5 3 5 1 5 5 3 3 5 0 0 3 1 5 0 1 5 0 5 0 5 3 5 1 0 1 5 3 5 5 5 3 0 5 3 1 0 5 5 3 5 3 1 3 3 3 5 5 1 5 0 1 5 5 3 5 -3 1 3 
smui7
0 0 0 0 0 0 0 0 0 0 0 0 0 0 0 0 0 0 0 0 0 0 0 0 0 0 0 0 0 0 0 0 0 0 0 0 0 0 0 0 0 0 0 0 0 0 0 0 0 0 0 0 0 0 0 0 0 0 0 0 0 0 0 0 0 0 0 0 0 0 0 0 0 0 0 0 0 0 0 0 0 0 0 0 0 0 0 0 0 0 0 0 0 0 0 0 0 0 
Ash
0 0 0 5 0 0 0 0 5 5 5 0 0 0 0 5 5 5 0 0 0 3 0 0 0 0 0 0 3 0 0 0 0 0 0 0 0 0 0 3 0 0 0 0 0 3 0 5 0 0 0 0 5 0 0 5 0 0 0 0 5 5 0 0 0 0 0 0 0 0 0 0 0 0 0 0 0 0 5 0 0 3 0 3 0 0 0 0 0 0 0 0 0 0 0 0 0 0 
max
0 0 0 0 0 1 0 0 5 3 5 3 1 3 0 5 0 3 3 3 0 0 0 0 0 0 0 0 1 1 0 0 0 0 0 0 0 0 0 0 0 0 0 0 0 0 0 0 0 0 0 0 1 0 0 0 0 0 0 1 0 0 0 0 0 0 0 0 0 0 0 0 3 0 0 0 0 1 1 0 0 0 0 1 0 0 0 0 0 0 0 0 0 0 0 0 0 0 
Tapan
0 0 0 0 0 0 0 0 0 0 0 0 0 0 0 0 0 0 0 0 0 0 0 0 0 0 0 0 0 0 0 0 0 0 0 0 0 0 0 0 0 0 0 0 0 0 0 0 0 0 0 0 0 0 0 0 0 0 0 0 0 0 0 0 0 5 0 0 0 0 0 5 0 0 0 0 0 0 0 0 0 0 0 5 0 0 0 0 0 0 0 0 0 0 0 0 0 0 
leedallas
-3 5 5 3 1 -5 3 5 0 5 1 3 -3 -5 3 0 5 3 3 5 1 3 5 -5 5 0 1 5 -3 -5 3 1 5 3 5 0 5 1 3 5 0 -3 0 3 3 3 5 5 3 5 1 3 1 0 0 0 0 5 5 -3 0 -3 -5 0 -3 5 5 1 5 -3 3 0 3 5 1 0 3 3 0 5 3 5 3 0 5 1 5 3 5 3 0 5 -3 5 0 1 5 3 
Kaif
0 5 5 0 0 0 0 3 3 0 1 5 1 5 0 1 0 5 5 3 1 3 0 1 0 1 0 1 0 0 0 0 0 0 0 0 0 0 0 1 0 1 0 0 0 0 1 1 1 1 0 0 5 1 0 0 0 0 0 0 0 0 0 1 1 1 0 0 0 0 0 0 5 5 0 0 0 0 0 0 0 0 1 0 1 1 1 1 1 1 0 1 0 1 1 1 1 1 
amandaa2
5 5 5 5 0 3 5 1 0 5 0 5 5 5 0 0 5 5 5 0 0 0 5 0 0 5 0 0 5 5 3 0 0 5 3 0 0 0 0 1 0 5 0 0 5 5 0 5 0 0 0 1 0 0 0 0 0 5 0 5 5 5 0 0 0 0 0 0 0 0 0 0 3 0 0 0 0 1 5 0 0 -3 0 -3 0 0 3 0 0 0 0 0 0 0 0 0 0 0 
celery
0 0 0 0 0 0 0 1 0 3 0 0 1 1 0 0 0 3 0 0 0 0 0 0 0 0 0 0 0 0 0 5 0 0 0 0 0 0 0 1 0 0 0 0 0 0 0 0 0 0 0 0 1 0 0 5 0 1 0 0 1 3 0 0 0 0 0 0 0 0 0 0 0 0 0 0 0 0 -3 0 0 3 0 1 0 0 0 0 0 0 0 0 0 0 0 0 0 0 
Adelina Carr
3 3 3 3 5 0 3 3 3 0 3 0 5 5 0 5 5 5 5 0 0 0 3 3 3 0 0 0 5 3 0 0 3 0 3 0 0 0 0 0 0 0 0 0 0 0 0 5 0 0 0 5 5 0 0 0 0 5 0 3 3 5 0 0 5 0 0 0 0 0 0 0 5 0 0 0 0 5 3 0 0 3 0 5 0 0 0 3 0 0 0 0 0 3 0 0 0 0 
hgoel3
3 3 3 3 3 0 0 0 1 1 1 0 0 3 0 0 0 1 0 0 0 0 0 0 0 0 0 0 5 0 0 0 0 0 0 0 0 0 0 1 1 0 0 0 0 0 0 0 0 0 0 0 3 0 0 0 0 0 0 0 3 0 0 0 0 0 0 0 0 0 0 0 0 1 0 0 0 0 1 0 0 0 0 0 0 0 0 0 0 0 0 0 0 0 0 0 0 0 
jmejia35
0 5 5 5 0 5 0 0 0 5 0 0 1 5 0 0 5 5 1 0 0 0 0 0 5 1 0 0 0 0 0 0 0 0 5 1 0 0 0 0 0 0 0 0 0 0 0 0 0 0 5 0 5 0 0 0 0 0 0 0 5 0 0 0 0 0 0 0 0 0 0 0 1 0 0 0 0 0 1 0 0 0 0 3 0 0 0 0 0 0 0 0 0 0 1 5 0 0 
Siham Shweikani
0 1 1 0 0 0 0 0 1 0 1 1 0 5 0 1 0 1 1 0 0 0 0 0 0 0 0 0 5 0 0 5 0 0 0 0 0 1 0 0 0 0 1 0 0 0 0 0 0 0 0 0 5 0 0 3 0 0 0 0 0 3 0 1 0 0 0 0 0 0 0 0 1 0 0 0 0 5 3 0 0 0 0 1 0 0 0 0 0 0 0 0 0 0 0 0 0 0 
abarbo8
0 5 5 5 0 0 5 5 0 5 0 5 5 5 0 0 5 5 5 5 5 5 5 0 0 0 0 0 5 0 0 0 0 0 0 0 0 0 0 5 0 0 0 0 0 5 0 0 0 0 0 5 5 0 0 0 0 0 0 5 5 5 0 0 5 0 0 0 0 0 0 0 5 0 0 0 0 0 5 0 0 0 0 0 0 0 0 0 0 0 0 0 0 0 0 0 0 0 
spate593
0 0 0 0 0 0 0 0 0 0 0 3 0 0 0 3 0 0 3 0 0 0 0 0 0 3 0 0 0 0 3 0 0 0 0 0 0 0 0 0 0 0 0 0 0 0 0 0 0 0 0 0 0 0 0 0 0 0 0 0 0 0 0 0 0 0 0 0 0 1 -3 0 1 3 0 0 0 0 0 0 0 0 0 0 0 0 0 0 0 0 0 1 0 -3 0 1 0 0 
ivanmz2
0 0 0 0 0 0 0 0 0 0 0 3 0 0 0 0 0 0 3 0 0 0 0 0 0 0 0 0 0 0 0 5 0 0 0 0 0 0 0 0 5 0 0 0 0 0 0 0 0 0 0 0 5 0 0 0 0 0 0 0 0 5 0 0 0 0 0 0 0 0 0 0 3 0 0 0 0 0 3 0 0 0 0 0 0 0 0 0 0 0 0 1 0 0 0 0 0 0 
Billybside
0 3 3 3 0 0 0 0 0 0 0 3 0 0 0 0 0 3 3 0 0 0 0 0 0 0 0 0 1 0 0 0 0 0 0 0 0 0 0 0 0 0 0 0 0 0 0 0 0 0 0 0 5 0 0 5 0 0 0 0 0 0 0 0 0 0 0 0 0 0 0 0 3 0 0 0 0 0 0 0 0 0 0 0 0 0 0 0 0 0 0 0 0 0 0 0 0 0 
agalle26
5 5 5 5 0 0 5 1 0 0 0 5 0 5 5 0 3 3 5 0 0 0 0 0 0 0 0 0 5 0 0 5 0 3 0 0 0 0 0 0 0 0 0 1 3 0 0 5 0 0 0 0 3 0 0 3 0 0 0 5 3 5 0 0 0 0 0 0 0 0 0 0 3 0 0 0 1 0 3 0 0 0 0 0 0 3 0 0 0 0 0 0 0 0 0 0 0 0 
nyauh
0 0 0 1 5 0 0 0 0 3 0 0 0 5 0 0 0 3 0 0 0 0 1 0 0 0 0 0 5 0 0 3 0 0 0 0 0 0 0 0 0 0 5 0 1 0 0 1 0 0 0 1 3 0 0 0 0 -3 0 0 1 3 0 0 0 0 0 3 0 0 0 0 0 0 0 0 0 0 1 0 0 0 0 0 -3 0 0 0 0 0 0 0 0 0 0 0 0 0 
Sabber
0 0 0 5 0 0 0 0 5 0 5 5 3 3 0 5 0 5 5 0 0 0 3 0 0 0 0 0 3 0 0 0 0 5 0 0 0 0 0 0 1 0 0 0 0 0 3 5 0 0 0 5 5 0 0 0 0 0 0 5 5 5 0 0 0 0 0 0 0 0 0 0 5 0 0 0 0 0 5 0 0 0 0 3 0 0 5 0 0 0 0 0 0 0 0 0 0 0 
eplesa2
0 0 0 5 0 0 0 5 0 0 3 0 0 0 0 0 0 0 0 0 0 0 0 0 0 0 0 0 5 0 0 0 0 0 0 0 0 0 0 0 0 1 0 0 0 0 0 3 0 0 0 1 1 0 3 1 0 0 0 0 5 3 0 0 0 0 0 0 0 0 0 0 0 0 0 0 0 0 3 0 0 0 0 0 0 0 0 0 0 0 0 0 0 0 0 0 0 3 
Nik
0 0 0 -3 0 5 5 0 5 5 3 1 1 0 0 3 0 3 -3 0 0 0 0 0 0 0 3 0 0 0 0 3 3 0 0 0 0 0 0 3 0 5 3 0 0 0 0 3 0 0 3 0 1 0 0 0 0 5 0 0 0 3 0 0 0 -3 0 5 0 0 0 0 0 0 0 0 0 0 0 0 0 0 3 0 0 0 1 0 0 -3 0 0 0 0 0 0 0 0 
u676621931
5 0 0 5 0 0 5 0 0 0 0 5 5 5 0 0 0 -3 5 0 0 0 5 0 0 0 0 0 5 0 0 0 0 0 0 0 0 0 0 0 0 5 0 0 0 0 0 5 0 0 0 0 3 0 0 0 0 0 0 0 5 5 0 0 0 0 0 0 0 0 0 0 5 0 0 0 0 0 1 5 0 0 0 0 0 5 3 0 0 0 0 0 0 0 0 0 0 0 
bsavic3
3 3 3 5 0 3 5 3 5 5 5 5 3 3 0 5 0 5 5 5 0 3 5 0 -3 0 0 -3 5 3 3 0 0 3 3 0 0 0 0 1 0 0 3 0 5 5 0 3 0 -3 0 3 5 0 0 3 0 3 0 5 5 1 0 0 3 3 0 -3 0 0 0 0 5 1 0 0 5 3 3 0 0 0 0 3 0 0 5 0 0 0 0 5 5 1 0 0 0 0 
Afifa
0 0 0 0 0 0 0 0 3 0 0 1 0 0 0 0 0 0 0 0 0 0 0 0 0 0 0 0 0 0 0 0 1 0 0 0 0 0 0 0 0 0 0 0 0 0 0 0 0 0 0 0 5 0 0 0 0 0 0 0 0 0 0 0 0 0 0 0 0 0 0 0 0 0 0 0 0 0 0 0 0 0 0 0 0 0 0 0 0 0 0 0 0 0 0 0 0 0 
lamnguyen23
0 0 0 1 0 0 0 1 1 1 1 1 0 3 0 0 0 1 1 0 0 0 3 0 0 0 0 0 0 5 0 1 0 0 0 0 0 0 0 1 0 0 0 0 0 3 0 0 0 0 0 1 5 0 0 0 0 -3 0 0 3 5 0 0 0 0 0 0 0 0 0 0 0 0 0 0 0 0 3 0 0 0 0 0 0 0 0 0 0 0 0 0 0 0 0 0 0 0 
Viktor Voytanovych
5 0 0 3 5 0 3 0 5 0 5 5 -5 0 0 5 0 0 5 0 0 0 0 0 0 0 3 0 5 1 0 5 5 5 3 0 0 0 0 0 0 0 0 0 0 3 0 1 0 0 0 0 5 0 0 5 0 5 0 0 3 5 0 0 0 0 0 3 0 0 0 0 5 0 0 0 3 3 3 0 0 0 3 0 -5 0 0 0 3 0 0 5 0 0 0 0 0 0 
ccolem25
3 3 3 5 0 0 5 0 5 1 0 5 5 5 0 5 0 5 5 0 0 0 0 0 0 0 0 0 5 5 0 0 0 0 0 0 0 0 0 5 0 0 0 0 0 1 0 1 0 0 0 0 5 0 0 0 0 0 0 1 5 1 0 0 0 0 0 0 0 0 0 0 5 0 0 0 0 0 1 0 0 0 0 0 0 0 0 0 0 0 0 0 0 0 0 0 0 0 
arafac3
5 5 5 5 0 1 3 5 5 0 5 5 5 0 0 5 0 3 3 0 0 0 0 0 0 0 1 0 5 5 0 0 0 5 0 0 0 1 0 3 0 0 0 0 0 5 0 0 0 0 0 1 0 0 0 1 0 0 0 5 5 1 0 0 0 0 0 0 0 0 0 0 5 0 0 0 0 5 1 0 0 0 0 0 0 0 0 0 0 0 0 5 0 0 0 0 0 0 
nahom
0 5 5 1 0 0 0 1 3 5 3 0 0 0 0 3 1 1 0 0 5 0 0 1 1 0 0 0 0 0 0 0 5 0 0 0 0 0 0 3 0 0 0 0 0 1 1 0 0 0 0 0 5 0 1 0 0 0 0 0 1 0 -3 0 0 0 0 0 0 0 0 0 0 0 0 0 0 0 0 0 0 3 0 0 0 0 0 0 1 0 0 0 0 0 0 0 0 0 
DarkRedLion
0 3 0 1 0 1 0 0 -3 3 -3 5 1 3 0 -3 0 5 3 0 0 0 0 3 0 0 0 0 0 0 0 0 0 0 0 0 0 0 0 3 0 0 0 0 0 0 0 3 0 0 0 0 3 0 0 1 0 0 0 0 0 0 0 0 0 0 0 0 0 0 0 0 5 0 0 0 0 0 3 0 0 0 0 0 0 0 0 0 0 0 0 0 0 0 0 0 0 0 
aditya
5 5 5 5 5 5 1 1 1 5 1 0 5 5 0 0 5 0 0 0 0 5 5 5 5 0 1 3 5 5 0 5 5 0 0 3 0 1 0 0 0 0 5 5 5 3 0 0 5 0 5 5 5 0 5 5 0 5 0 5 5 5 -5 0 0 5 3 0 1 0 0 0 0 3 5 0 0 1 5 0 0 5 0 0 0 0 0 0 0 0 0 0 0 5 0 5 0 0 
fish123
3 5 5 3 0 3 3 3 3 5 3 0 5 5 0 0 0 5 0 3 1 1 3 0 0 3 3 0 3 3 -3 5 3 0 3 3 0 0 3 1 3 3 3 0 0 0 3 0 3 0 0 3 3 0 0 3 3 3 0 1 1 5 0 0 3 0 0 5 1 5 0 0 0 0 0 1 0 3 3 0 3 3 0 1 0 3 0 0 3 0 0 0 0 3 0 0 0 0 
cdearm2
5 0 0 5 0 0 0 0 0 0 0 5 5 5 0 0 0 1 5 1 1 0 0 0 0 0 0 0 5 5 0 0 0 0 0 0 0 0 0 1 0 1 0 0 1 3 1 3 0 0 0 1 1 0 0 3 0 0 0 5 5 5 0 0 1 0 0 0 0 0 0 0 5 0 0 0 0 0 5 0 0 0 0 5 0 0 0 0 0 0 0 0 0 0 0 0 0 0 
ksavat2
0 0 0 1 0 0 0 0 0 0 0 3 0 0 0 0 0 0 1 0 0 0 0 0 0 0 0 0 0 0 0 0 0 0 0 0 0 0 0 3 0 0 0 0 0 0 0 0 0 0 0 0 0 0 0 0 0 0 0 0 0 3 0 0 0 0 0 0 0 0 0 0 3 0 0 0 1 0 3 0 0 0 0 0 0 0 0 0 3 0 0 0 0 0 0 0 0 0 
Alejandro
0 0 0 3 0 0 0 0 1 0 1 0 0 0 0 1 0 3 0 0 0 0 0 0 0 0 0 0 0 0 0 0 0 0 0 0 0 5 0 3 0 0 0 0 0 0 0 1 0 0 0 0 1 0 0 0 0 0 0 0 3 0 0 0 1 0 0 0 0 0 0 0 0 0 0 0 0 0 0 0 0 0 0 3 0 0 0 0 0 0 0 0 0 0 0 0 0 0 
mle30
0 0 0 3 0 0 0 0 0 0 0 3 0 0 0 0 0 0 3 0 0 0 0 0 0 0 0 0 0 0 0 0 0 0 0 0 0 0 0 0 0 0 0 0 0 0 0 0 0 0 0 3 3 0 0 0 0 0 0 0 3 5 0 0 3 0 0 0 0 0 0 0 3 0 0 0 0 0 0 0 0 0 0 0 0 0 0 0 0 0 0 0 0 0 0 0 0 0 
Sheghi1000
0 3 3 5 0 5 0 0 5 0 5 0 0 -5 0 5 0 -5 0 0 0 -5 0 0 0 -5 0 0 -5 0 0 5 0 0 0 0 0 5 0 1 0 0 5 0 0 5 0 5 0 0 0 0 5 0 0 5 0 0 0 0 0 -5 0 0 0 0 0 0 0 0 0 0 0 0 0 0 0 5 1 0 0 0 0 0 0 0 0 0 0 0 0 5 0 -5 0 0 0 -5 
Karaziwanc
0 3 5 5 0 0 5 0 0 0 0 0 1 3 0 0 1 5 0 0 0 0 0 0 0 0 0 0 0 0 0 0 0 0 0 0 0 0 0 0 0 0 0 0 0 0 5 5 0 0 0 0 0 0 0 0 0 1 0 0 0 0 0 0 0 0 0 0 0 0 0 0 0 0 0 0 0 0 0 0 0 0 0 0 0 0 0 0 0 0 0 5 0 0 0 0 0 0 
ccedge2
1 5 5 5 0 0 1 0 3 1 3 3 3 5 0 3 5 3 3 0 3 0 0 0 0 0 0 0 1 1 0 0 0 3 0 0 0 0 0 0 0 0 0 0 0 0 0 0 0 0 0 0 3 0 0 0 0 0 0 5 5 0 0 0 0 0 0 0 0 0 0 0 3 0 0 0 0 0 3 0 0 0 0 1 0 0 0 0 0 0 0 0 0 0 0 0 0 0 
qkarp2
5 0 0 5 3 5 1 5 1 3 0 1 5 5 1 1 0 3 3 0 0 0 0 3 0 0 0 3 5 1 0 3 0 -3 0 0 0 0 0 1 5 0 0 0 0 0 0 5 0 0 5 -3 3 0 0 5 0 1 0 3 3 5 0 0 -3 5 5 3 3 0 0 0 3 3 3 0 0 0 1 1 0 0 1 1 0 0 1 3 0 0 1 5 0 -5 0 0 0 3 
bestra8
0 0 0 5 0 0 0 0 0 5 0 0 5 3 0 0 0 3 0 0 0 0 0 0 0 0 0 0 0 3 0 5 0 0 0 0 0 0 0 5 0 1 0 0 0 3 0 5 0 0 0 1 3 0 0 1 0 3 0 0 3 3 0 0 0 0 0 0 0 0 0 0 0 0 0 0 0 0 3 0 0 0 0 0 0 0 1 0 0 0 0 0 0 0 0 0 0 0 
hpate94
3 0 0 5 1 0 0 3 0 3 0 0 3 5 0 0 5 3 0 0 0 1 0 0 0 0 0 3 5 1 1 1 3 0 1 0 0 1 1 1 1 0 0 0 0 3 1 3 0 0 1 0 5 0 3 3 0 0 0 0 5 5 0 0 0 0 0 0 0 0 0 0 0 3 0 0 0 0 5 0 0 3 0 5 0 0 0 1 0 0 0 0 0 1 1 1 0 1 
Tameem
0 0 0 0 0 0 0 0 0 0 0 1 0 0 0 0 0 3 1 0 0 0 0 0 0 0 0 0 0 0 0 0 0 0 0 0 0 0 0 0 0 0 0 0 0 0 0 0 0 0 0 0 3 0 0 0 0 0 0 0 0 5 0 0 0 0 0 0 0 0 0 0 1 0 0 0 0 0 5 0 0 0 0 3 0 0 0 0 0 0 0 5 0 0 0 0 0 0 
nsotom3
5 5 5 5 5 3 5 0 5 5 5 5 5 5 0 5 5 5 5 3 0 0 0 0 0 0 0 0 5 5 0 5 5 5 0 0 0 0 0 5 5 5 5 0 0 5 5 5 0 1 0 3 -3 0 0 -3 0 5 0 3 5 1 0 0 5 0 0 5 1 0 0 1 5 0 0 0 3 1 1 0 0 1 1 1 0 0 5 0 0 0 0 5 0 1 0 0 0 0 
JohnML3
0 0 0 1 0 0 0 0 0 0 0 1 5 5 0 0 0 3 1 0 0 0 0 0 0 0 -3 0 5 3 0 0 0 0 0 0 0 0 0 0 5 0 0 0 0 0 0 3 0 0 0 0 3 0 0 3 0 0 0 5 3 5 0 0 0 0 0 0 0 0 0 0 1 0 0 0 0 0 0 0 0 0 0 0 0 0 0 0 0 0 0 3 0 -3 0 0 0 0 
tlee91
0 0 0 5 0 0 1 0 1 0 0 5 0 5 0 0 0 3 5 0 0 1 0 0 0 0 0 0 5 0 0 5 0 0 0 0 0 0 0 1 0 0 0 0 0 0 0 1 0 0 0 1 1 0 0 3 0 0 0 0 5 5 0 0 0 0 0 0 0 0 0 0 5 0 0 0 0 0 5 0 0 0 0 0 0 0 0 0 3 0 0 0 0 1 0 0 0 0 
kahmed28
0 3 0 5 0 0 0 0 5 0 5 3 3 5 0 5 0 5 5 0 0 5 0 0 0 0 0 0 5 0 0 0 0 5 0 0 0 0 0 5 0 0 0 5 0 5 0 0 0 0 5 0 5 0 0 0 0 0 0 5 5 5 0 0 0 0 0 0 0 0 0 0 5 0 0 0 0 0 5 0 0 0 0 5 0 0 0 0 0 0 3 0 0 0 0 0 0 0 
Dakka
3 3 3 3 0 3 5 3 3 0 3 3 3 3 5 3 0 5 5 0 3 0 0 0 0 0 5 0 3 3 3 0 0 3 0 0 0 0 0 3 0 5 0 0 0 3 3 3 0 0 0 5 3 0 0 0 0 3 0 5 3 5 0 0 3 0 0 0 0 0 0 0 5 0 0 0 0 3 3 0 0 0 0 1 0 0 3 0 0 0 0 5 0 3 3 0 0 0 
irbi1
0 5 5 5 0 0 0 0 5 1 5 3 5 0 0 5 0 5 5 0 0 0 0 0 0 0 0 0 0 1 0 0 0 0 0 0 0 0 0 0 0 0 0 0 0 0 0 1 0 0 0 0 5 0 0 3 0 0 0 0 5 5 0 0 0 0 0 0 0 0 0 0 5 0 0 0 0 0 5 0 0 0 0 5 0 0 1 0 0 0 0 0 0 0 0 0 0 0 
cgoodw3
0 0 0 0 0 0 3 0 0 0 0 3 3 0 0 0 0 0 3 0 0 0 0 0 5 0 0 0 0 0 0 0 0 3 0 0 0 0 0 0 0 0 0 0 0 0 0 5 0 0 0 0 3 0 0 0 0 0 0 0 0 0 0 0 0 0 0 0 0 0 0 0 3 0 0 0 0 0 0 0 0 0 0 3 0 0 0 0 0 0 3 5 0 0 0 0 0 0 
universalbutterfly
0 0 0 1 0 0 0 0 0 0 0 0 0 5 0 0 0 3 0 0 0 0 0 0 0 0 0 0 0 0 0 0 0 0 0 0 0 0 0 0 0 0 0 0 0 0 0 3 0 0 0 0 5 0 0 5 0 0 0 0 0 0 0 0 0 0 0 0 0 0 0 0 0 0 0 0 0 0 0 0 0 0 0 5 0 0 0 0 0 0 0 0 0 0 0 0 0 0 
JonM21
0 5 5 5 0 0 5 0 0 0 0 5 5 5 0 0 5 5 5 0 0 0 5 0 0 0 0 0 3 3 0 5 0 0 0 0 0 0 0 0 0 0 3 0 0 0 0 5 0 0 0 0 5 0 0 5 0 5 0 5 5 5 0 0 0 0 0 0 0 0 0 0 5 0 0 0 0 5 5 0 0 0 0 5 0 0 0 0 0 0 0 0 0 0 0 0 0 0 
rbhuta2
5 3 1 5 0 5 5 5 0 5 3 1 5 5 0 0 0 5 0 0 0 5 0 0 0 0 0 0 5 0 0 0 0 0 0 0 0 0 0 0 5 0 0 0 0 0 0 1 0 0 0 -3 5 0 0 0 0 0 0 5 5 5 0 0 0 0 0 0 0 0 0 0 0 0 0 0 0 0 3 0 0 0 0 0 0 0 0 0 0 0 0 0 0 0 0 0 0 0 
Roger
0 0 0 0 0 3 0 0 5 1 3 1 3 1 0 5 0 0 1 0 0 0 1 0 0 1 0 0 1 0 0 5 0 0 0 0 0 0 0 3 0 0 0 0 0 0 0 0 0 0 0 3 5 0 0 0 3 0 0 0 0 0 0 5 5 0 0 0 0 3 0 0 1 0 3 0 0 5 5 0 0 0 0 0 0 0 0 0 0 0 0 0 0 3 0 0 0 0 
akandi2
0 0 0 3 0 0 3 0 0 0 0 0 3 0 0 0 0 5 0 0 0 0 3 0 0 3 0 0 0 0 0 0 0 5 0 0 0 0 0 5 0 0 0 0 0 0 0 0 0 0 0 3 5 0 0 3 0 0 0 0 3 5 0 0 3 0 0 0 0 0 0 0 0 0 0 0 0 0 5 0 0 0 0 0 0 3 0 0 0 0 0 0 0 0 0 0 0 0 
mmihay3
5 0 0 0 0 5 5 5 5 0 0 -5 5 5 5 5 5 5 -5 0 0 0 0 0 0 0 5 0 5 5 0 5 0 0 5 0 5 0 0 0 5 5 5 0 0 0 0 0 0 0 0 0 0 0 0 0 0 5 0 5 -5 0 0 0 0 0 0 0 0 0 5 0 -5 0 0 0 5 0 0 0 5 0 5 5 0 5 0 5 0 0 0 0 0 0 0 0 0 0 
