TeamBrodie
0 0 0 0 0 1 0 0 0 3 0 0 0 5 5 0 0 0 0 0 0 0 0 0 0 0 0 5 0 0 5 0 -3 3 0 0 0 0 0 -3 0 0 1 1 0 0 1 0 0 0 1 0 0 0 0 
Dannyt
0 0 0 0 0 0 0 0 0 0 0 0 0 0 3 0 0 0 0 0 0 0 0 0 0 0 0 0 0 0 3 0 0 0 0 0 0 0 0 0 0 0 0 0 0 0 0 0 0 0 0 0 0 0 0 
lrico5
0 0 0 0 0 0 0 0 0 0 0 3 0 5 0 0 0 0 0 0 0 0 0 0 0 0 0 1 5 0 3 0 0 0 0 3 0 0 5 1 0 0 5 1 0 0 0 0 0 0 0 0 0 0 0 
skurug2
0 0 1 3 1 1 3 0 -5 1 3 0 1 1 0 0 1 0 0 0 0 0 1 0 1 0 5 5 0 0 -5 -5 5 3 1 3 5 0 0 0 0 0 -3 -3 -3 1 0 0 3 0 3 0 0 1 1 
dtiwari
0 0 0 0 0 0 0 0 0 0 0 0 0 0 1 0 3 0 0 0 0 0 0 0 0 0 0 0 0 0 0 0 0 0 0 0 0 0 3 0 0 0 5 0 0 0 0 0 0 0 0 0 0 0 0 
ArtemL
1 0 1 -3 1 -5 0 3 0 1 -3 0 3 -3 1 0 -5 -3 5 5 0 0 0 -3 0 0 0 3 1 0 5 0 -3 1 1 -3 -3 3 0 0 -5 0 1 0 0 0 0 -5 1 3 -3 1 -3 -3 1 
AndrewMina
0 5 1 -3 3 1 5 -3 -5 5 1 3 0 1 5 -3 -5 -3 3 -3 -5 3 1 1 -3 -5 0 3 5 3 1 0 -3 5 -5 -3 0 1 3 5 3 1 5 5 0 -3 -5 -3 0 3 3 3 -5 1 -3 
Sai
3 0 0 0 1 1 0 0 0 5 0 3 0 3 5 0 0 0 0 0 0 0 0 0 0 0 0 0 0 0 3 0 0 5 0 0 0 0 0 0 0 0 5 0 0 0 0 0 0 3 3 0 0 0 0 
dpatel
0 0 0 0 0 0 0 0 0 0 0 0 3 0 5 0 0 0 0 0 0 0 0 0 0 0 0 0 0 0 5 0 0 0 0 0 0 0 0 0 0 0 3 0 0 0 0 0 0 0 0 0 0 0 0 
thiscrazyideal
0 0 0 0 0 1 5 0 0 3 0 5 3 5 5 0 0 0 0 5 0 0 0 0 0 0 0 1 0 0 3 3 0 0 0 0 0 0 0 0 0 3 5 0 0 0 0 0 0 3 3 0 0 0 0 
rbroni2
0 0 0 0 3 3 0 0 0 0 0 0 0 1 1 5 0 0 1 0 0 0 0 0 0 0 0 3 1 0 3 1 0 0 0 0 0 0 5 5 0 0 1 0 3 0 0 0 0 0 0 0 0 0 0 
Himangi
1 1 1 1 1 1 1 1 1 1 1 1 1 1 1 1 1 1 1 1 1 1 1 1 1 1 1 1 1 1 1 1 1 1 1 1 1 1 1 1 1 1 1 1 1 1 1 1 1 1 1 1 1 1 1 
jfowle20
5 0 0 0 5 0 0 0 0 0 0 0 0 0 1 0 0 0 0 0 0 0 0 -3 0 5 0 0 0 0 3 0 0 3 0 0 0 0 0 0 0 0 0 0 0 0 0 0 0 0 0 0 0 0 0 
awang72
0 0 0 0 0 0 0 0 0 0 0 5 0 5 1 5 0 0 0 0 0 0 0 0 0 0 0 5 5 0 1 1 0 0 0 0 0 0 0 3 0 0 3 0 5 0 0 0 0 0 0 0 0 0 0 
John
0 0 0 0 0 -3 0 0 0 0 0 0 1 0 5 0 0 1 5 3 0 0 0 5 0 0 0 5 5 0 5 0 0 1 0 -3 0 0 0 0 0 0 3 0 0 0 5 1 0 5 5 0 0 0 0 
pludwa2@uic.edu
0 0 0 0 0 0 0 1 0 0 1 0 0 3 5 0 0 0 0 0 0 0 0 0 0 0 0 -3 -3 0 1 5 0 0 0 1 0 0 0 0 0 3 5 0 0 0 0 0 1 1 3 0 0 0 0 
Erica
5 3 0 1 0 0 0 -3 0 0 1 3 0 1 0 0 5 0 5 0 0 0 0 0 0 0 0 0 0 0 3 3 1 5 0 1 0 5 -3 3 5 0 3 5 0 0 0 0 0 5 5 0 5 0 0 
jwisem6
5 0 0 0 1 0 3 0 0 3 0 5 0 1 -3 0 3 3 1 0 3 0 0 3 0 3 0 0 0 0 0 1 0 0 0 0 5 0 1 3 0 3 3 3 0 0 1 0 0 5 5 0 0 5 5 
floza4
0 0 3 3 3 3 0 0 0 1 0 -3 0 3 3 1 5 0 3 0 3 3 0 0 -3 0 0 5 -3 1 5 5 0 5 1 -5 -3 -3 -5 3 1 3 -5 -3 0 0 0 0 0 3 -3 0 0 0 0 
kp0502
0 0 0 0 1 0 0 0 1 3 3 1 0 1 1 0 0 0 1 1 0 0 0 1 0 0 0 0 0 0 1 5 5 0 0 1 0 0 0 0 0 0 5 0 0 0 0 0 0 0 0 0 0 1 0 
rjasia2
0 0 0 0 0 0 0 0 0 0 0 0 0 3 0 0 0 0 0 0 0 0 0 0 0 0 0 0 0 0 3 1 0 3 0 0 0 0 0 0 0 0 0 0 0 0 0 0 0 3 3 0 0 0 0 
Kozmo
0 0 0 0 0 0 0 0 0 0 0 0 0 0 0 0 0 0 0 0 0 0 0 0 0 0 0 0 0 0 0 0 0 0 0 0 0 5 0 1 0 0 0 0 0 0 0 0 0 0 0 0 0 0 0 
asunda23
3 0 1 0 3 5 3 0 1 5 0 1 3 5 5 5 5 3 3 5 0 0 0 0 0 1 3 5 5 1 3 5 3 5 0 5 0 3 0 0 1 3 5 0 5 3 3 0 0 5 5 0 3 0 0 
tfox
0 0 0 0 0 0 0 0 0 0 0 0 0 0 0 0 0 0 0 0 0 0 0 0 0 0 0 0 0 0 3 1 0 3 0 0 0 0 0 0 0 0 0 0 0 0 0 0 0 3 3 0 0 0 0 
acarr20
0 0 0 0 0 0 0 0 0 0 0 0 0 0 0 0 0 0 5 0 0 0 0 0 0 0 0 0 0 0 5 0 0 0 0 0 0 0 0 5 0 0 5 0 0 0 0 0 0 0 0 0 0 0 0 
rmundr3
0 0 0 0 0 0 0 0 0 0 0 0 0 -3 3 0 0 0 1 0 0 0 0 0 0 0 0 0 0 0 0 0 0 0 0 0 0 3 0 3 0 0 1 0 0 0 0 0 0 0 0 0 0 0 0 
Megh Patel
5 3 0 0 3 0 0 -3 0 0 0 5 -3 3 5 0 0 5 5 3 1 0 0 0 0 0 3 1 5 -3 5 0 0 0 0 -5 0 0 0 0 0 0 3 0 0 0 3 -3 0 5 5 1 5 0 0 
vcayas2
0 0 0 0 0 0 0 0 0 0 0 0 0 5 0 0 0 0 -3 0 0 0 0 0 0 0 0 0 5 0 1 0 0 0 0 0 0 0 0 0 0 0 0 0 0 0 0 0 0 0 0 0 0 0 0 
rhusai2
-5 -3 0 1 3 5 3 1 0 -3 -5 -3 0 1 3 5 3 1 1 0 -3 -5 -3 0 1 3 5 3 1 1 0 -3 -5 -3 0 1 3 5 3 1 0 -3 -5 -3 0 1 3 5 3 1 0 -3 -5 -3 0 
yaum2
3 0 1 0 3 -5 1 -3 0 1 -5 3 3 3 3 3 1 0 1 -3 3 0 0 1 0 1 0 -3 -3 0 1 3 0 -3 0 -5 0 1 3 1 0 1 3 3 1 0 0 0 0 5 3 0 3 0 0 
ainsal2
0 0 5 0 0 0 0 0 0 1 0 0 1 5 5 0 0 0 3 0 0 0 0 0 0 0 0 0 0 0 1 1 0 0 0 -3 0 0 0 5 0 0 3 1 0 0 0 0 0 0 0 0 0 0 0 
Shawn
3 1 0 -3 5 1 -5 3 1 -3 0 -5 -5 -5 1 0 0 0 0 5 5 1 3 3 5 1 5 -3 0 -5 -5 0 -3 -5 -5 1 -3 -5 -3 -3 3 5 0 0 0 1 -3 0 1 3 5 -5 0 1 -3 
Ankit42
3 0 0 1 3 0 -3 -3 0 5 3 5 5 5 1 3 1 0 1 0 1 0 0 -3 0 0 0 5 5 0 5 5 5 5 3 -3 0 5 5 5 0 1 5 3 5 1 0 0 0 5 5 0 5 0 0 
bryanzb
3 0 0 0 0 0 0 0 0 0 0 3 0 3 -5 0 0 0 5 0 0 0 0 0 0 0 0 0 0 0 -5 0 0 0 0 0 0 3 0 0 0 0 3 3 0 0 0 0 0 0 0 0 3 0 0 
Kid C++di
5 0 0 1 0 0 0 0 0 0 0 0 0 0 1 0 0 0 3 0 0 0 0 1 0 3 0 0 0 0 0 0 0 5 0 0 0 1 0 1 0 0 0 -3 0 0 3 0 0 0 0 0 0 0 0 
jeslopez
0 0 0 3 0 1 0 1 0 0 3 0 0 3 1 0 0 0 -3 0 0 0 0 0 0 0 0 0 0 0 3 0 0 0 0 0 0 0 0 0 0 0 0 3 0 0 5 0 0 0 0 0 0 0 0 
psreer3
0 0 0 0 0 0 0 0 0 0 0 0 0 0 5 0 0 0 5 0 0 0 0 0 0 0 0 0 0 0 0 1 0 0 0 0 0 5 0 0 0 0 5 3 0 0 0 5 0 0 0 0 0 0 0 
Sam
5 3 0 0 0 0 3 0 0 0 0 5 0 3 1 0 0 0 -3 3 0 0 0 0 0 0 0 0 0 0 5 3 0 1 0 0 0 3 3 0 0 0 5 0 0 0 0 0 0 5 5 0 0 0 0 
jcorona3
0 0 0 0 0 3 0 0 0 0 0 0 0 3 3 0 0 0 5 0 0 0 0 0 0 0 0 1 0 0 0 0 0 0 0 1 0 0 0 3 0 0 0 0 5 0 0 0 0 0 0 0 0 0 0 
Bairez14
0 0 0 0 0 3 0 1 0 0 0 0 0 1 5 0 0 0 0 0 0 0 0 0 0 0 0 1 0 0 0 3 0 3 0 -3 0 0 0 1 0 0 1 3 1 0 0 0 0 0 0 0 0 0 0 
Cole Pearson
0 0 0 0 3 0 0 0 0 3 0 1 0 3 3 0 0 0 -3 3 0 0 0 0 0 0 0 3 0 0 3 3 0 3 0 0 0 3 0 5 0 0 5 1 0 0 5 0 0 5 5 0 3 0 0 
dani_v
5 0 0 0 3 1 0 1 0 1 1 0 0 3 3 0 0 0 3 3 0 0 0 0 0 1 0 0 0 0 -3 3 0 1 0 -3 0 1 0 5 0 0 5 5 0 0 0 0 0 3 3 0 0 0 0 
Anwar
0 0 0 0 0 0 0 0 0 0 0 0 0 1 0 0 0 0 0 0 0 0 0 0 0 0 0 5 0 0 0 0 0 0 0 0 0 0 0 0 0 0 0 0 0 0 0 0 0 0 0 0 0 0 0 
Donut
0 0 0 0 1 1 0 -3 0 0 0 0 -3 1 0 0 0 0 0 0 0 0 0 1 0 0 0 1 0 0 3 0 0 0 1 0 1 1 0 0 0 0 0 0 0 0 0 0 0 0 0 0 0 0 0 
Mosrour
3 1 5 0 5 5 0 0 3 0 0 0 0 5 0 0 5 0 0 0 5 0 5 0 0 0 0 0 0 0 0 0 0 5 0 5 0 0 0 0 5 0 5 0 0 0 0 0 0 0 0 0 0 5 0 
ebugar4
0 0 0 0 0 0 0 0 0 0 0 0 0 0 3 0 0 0 0 0 0 0 0 0 0 0 0 0 0 0 0 0 0 0 0 0 0 0 0 0 0 0 0 0 0 0 0 0 0 0 0 0 0 0 0 
squeaky
0 0 0 0 0 0 0 0 0 0 0 0 0 0 0 0 0 0 0 0 0 0 0 0 0 1 0 0 0 0 1 5 0 0 0 0 0 0 0 0 0 0 0 0 0 0 0 0 3 0 0 0 0 0 0 
Sami
3 0 0 1 0 0 0 1 0 3 3 0 0 5 3 0 0 0 0 3 0 0 0 0 0 3 0 1 1 0 3 0 0 0 0 5 0 0 0 0 0 0 5 3 -3 0 0 0 0 5 1 0 3 0 0 
elieckhaus
0 0 0 0 0 0 0 0 0 0 0 0 0 0 3 0 0 0 0 0 0 0 0 0 0 3 0 0 0 0 3 0 0 0 0 0 0 3 0 0 0 0 0 0 0 0 0 0 0 3 3 0 0 0 0 
tpham54
0 0 3 0 0 3 0 0 0 3 0 5 0 3 0 5 0 3 0 3 0 0 0 5 0 0 0 0 3 0 3 0 0 0 0 0 0 1 0 5 0 0 0 0 0 0 0 0 0 0 0 0 0 0 0 
root
0 0 0 0 0 0 0 0 0 0 0 0 0 0 -3 0 0 0 0 0 0 0 0 0 0 0 0 0 0 0 0 0 0 5 0 0 0 5 0 0 0 0 0 0 0 0 0 0 0 0 0 0 0 0 0 
Boruto's Dad 
0 0 0 0 0 0 0 0 0 0 0 0 0 3 1 0 0 0 3 0 0 0 0 0 0 0 0 5 0 0 5 0 0 0 0 -3 0 5 5 0 0 0 5 0 0 0 0 0 0 5 5 0 0 0 0 
kpate400
-5 -3 0 0 1 1 3 3 5 5 -5 -5 -3 -3 0 0 1 1 3 3 5 5 -5 -5 -3 -3 0 0 1 1 3 3 5 5 -5 -5 -5 -3 -3 -3 0 0 0 1 1 1 3 3 3 5 5 5 -5 -5 5 
CodeWanderer
-3 0 1 3 5 1 0 0 1 1 5 3 1 0 3 3 1 1 1 5 5 5 5 5 3 3 1 5 5 3 1 0 5 -3 -3 5 3 3 3 3 3 5 5 3 3 3 3 3 1 1 5 3 3 5 0 
lunari
0 0 0 0 0 0 0 0 0 0 0 0 0 5 5 0 0 0 3 0 0 0 0 0 0 0 0 5 5 0 1 0 0 3 0 3 0 0 0 0 0 0 0 0 0 0 0 0 0 0 0 0 0 0 0 
rmalon8
3 0 0 0 3 0 0 0 0 3 0 0 0 0 3 0 0 0 5 0 0 0 0 0 0 5 0 0 0 0 0 5 0 0 0 0 0 0 0 -3 0 0 3 0 5 0 0 0 0 5 5 0 3 0 0 
chez
0 0 0 0 0 0 0 0 0 0 0 0 0 3 5 0 0 0 3 0 0 0 0 0 0 0 0 0 0 0 3 0 0 3 0 0 0 3 0 0 0 0 5 0 0 0 0 0 0 0 0 0 0 0 0 
amieki2
0 0 0 3 1 0 0 0 0 1 0 3 0 5 5 0 0 0 0 0 0 0 0 1 0 0 0 5 3 0 3 0 0 0 0 -3 0 1 0 0 1 0 0 3 1 0 0 5 0 0 0 0 0 0 0 
Saahi22
0 0 0 0 0 1 0 0 0 0 3 0 0 5 5 0 0 0 0 0 0 0 0 0 0 0 0 5 5 0 3 5 1 1 0 3 0 1 0 1 0 0 5 5 0 0 0 0 0 1 1 0 1 0 0 
Carl Brutananadilewski
0 0 0 0 0 0 0 0 0 0 0 0 0 0 1 0 0 0 1 0 0 0 0 0 0 0 0 0 0 0 5 0 0 0 0 0 0 0 0 0 0 0 0 0 0 0 0 0 0 0 0 0 0 0 0 
Besher
0 0 0 0 0 1 0 0 0 1 0 3 0 3 -3 0 0 0 0 5 0 0 0 0 0 0 0 5 0 0 3 0 5 0 0 0 0 0 0 0 3 0 0 0 0 0 0 0 0 0 0 0 0 0 0 
lovecs251
0 0 0 0 0 0 0 0 0 0 0 0 0 0 1 0 0 0 0 0 0 0 0 0 0 0 0 0 0 0 1 0 0 3 0 0 0 0 0 0 0 0 0 0 0 0 0 0 0 0 0 0 0 0 0 
Teddy_Zaremba
0 0 0 0 0 0 0 0 0 0 0 0 0 3 3 0 0 0 1 0 0 0 0 0 0 0 0 0 0 0 3 0 0 0 0 0 0 0 0 0 0 0 0 0 0 0 0 0 0 0 0 0 0 0 0 
jibreel mohamed
0 0 0 0 0 0 0 0 0 0 0 0 0 1 0 0 0 0 0 0 0 0 0 0 0 0 0 3 3 0 0 1 0 0 0 0 0 0 0 0 0 0 3 0 0 0 0 0 0 0 0 0 0 0 0 
cmiram2
0 0 0 0 0 -3 0 0 0 -3 0 0 3 -3 1 0 0 0 5 0 0 0 0 0 0 0 0 3 -3 0 1 -3 0 3 0 -5 0 3 0 5 0 0 0 0 5 0 0 0 0 5 5 0 -3 0 0 
anavar38
5 0 0 0 5 -5 0 -3 -3 -3 -5 -3 -5 1 3 0 0 0 5 -5 0 0 3 3 0 1 0 5 5 0 5 1 -3 1 0 -3 0 5 -3 5 3 3 5 5 5 0 5 5 0 5 5 0 5 0 0 
Yonas Neguse
3 3 1 3 1 1 1 3 1 3 1 3 1 1 3 3 1 1 3 1 1 1 1 1 3 3 3 3 5 5 5 5 3 1 1 1 1 3 5 3 3 3 3 3 5 5 5 3 5 3 5 5 5 3 3 
Colonel_Sanders
0 0 0 0 0 0 0 0 0 5 0 0 3 -3 0 0 0 1 0 0 0 0 0 0 0 0 0 0 3 1 5 1 0 0 0 -5 0 0 0 0 0 1 3 0 0 0 1 0 0 3 1 0 1 0 0 
kshah211
0 0 0 0 0 0 0 0 0 0 0 0 0 0 3 0 0 0 3 0 0 0 0 0 0 0 0 0 0 0 1 0 0 0 0 0 0 3 0 0 0 0 5 0 0 0 0 0 0 0 0 0 0 0 0 
jas_n
0 0 1 0 0 0 0 0 0 0 0 1 0 0 1 0 0 0 0 0 0 0 0 1 0 0 0 0 0 0 0 0 0 0 0 0 0 0 0 0 0 0 0 0 0 0 0 0 0 0 0 0 0 0 0 
teusz07
0 1 3 0 3 3 0 0 3 3 -3 -5 0 5 3 1 1 0 -3 -3 -5 0 1 0 0 1 1 0 -3 3 5 3 0 1 1 -3 -3 0 1 3 1 3 5 3 0 1 0 1 3 1 1 1 1 0 0 
joe117
0 0 0 0 0 1 1 0 0 1 0 0 3 0 5 0 0 0 0 0 0 0 0 0 0 0 0 1 0 0 5 3 0 0 0 0 0 0 0 0 0 0 0 0 0 0 0 0 0 0 0 0 0 0 0 
Esho
0 0 0 0 0 0 0 0 0 0 0 0 0 0 0 0 0 0 0 0 0 0 0 0 0 0 0 5 0 0 0 0 0 0 0 0 0 0 0 0 0 0 0 0 0 0 0 0 0 0 0 0 0 0 0 
alianna2
0 0 0 0 0 0 0 0 0 0 3 3 0 1 3 0 3 0 0 0 0 0 0 0 0 0 0 3 5 0 0 0 0 5 0 0 0 3 0 0 0 3 5 3 5 0 0 0 0 0 0 0 0 0 0 
asanro3
0 0 0 0 0 0 0 0 0 1 0 3 0 1 5 0 0 0 0 0 0 0 0 0 0 0 0 5 5 0 3 0 3 3 0 0 0 0 0 0 0 0 3 0 0 0 0 0 0 3 3 0 3 0 0 
non_fiction_odicho
0 0 0 0 0 0 0 0 0 0 0 0 0 0 0 0 0 0 0 0 0 0 0 0 0 0 0 0 0 0 0 0 0 0 0 0 0 0 0 0 0 0 0 0 0 0 0 0 0 0 0 0 0 0 0 
itsme_hisham
0 0 0 0 0 1 0 0 0 0 0 0 3 5 0 0 0 0 0 0 0 0 0 0 0 0 0 3 0 0 0 0 0 5 0 1 0 0 0 0 0 0 3 0 0 0 0 0 0 0 3 0 0 0 0 
jishma2
5 0 1 0 0 1 0 0 0 5 -3 5 1 3 1 1 0 0 5 5 0 1 0 0 0 5 0 0 0 0 5 5 0 0 0 -5 0 0 -3 0 0 0 0 1 3 0 0 0 0 3 1 0 0 0 0 
ashqueen
0 0 0 0 0 0 0 0 0 0 0 0 0 0 0 0 0 0 0 0 0 0 0 0 0 0 0 0 0 0 0 0 0 0 0 0 0 0 0 0 0 0 0 0 0 0 0 0 0 0 0 0 0 0 0 
SpeedyGonzalez
0 0 3 0 0 3 0 0 0 3 0 0 0 0 -3 0 0 0 0 0 0 0 0 0 0 0 0 0 0 0 1 -3 1 0 0 0 0 5 0 3 0 0 0 0 0 0 0 0 0 0 0 0 0 0 0 
Azeem
0 0 0 0 0 0 0 0 0 3 3 0 5 5 3 0 0 0 0 0 0 0 0 0 0 0 0 0 0 0 0 0 3 0 0 5 0 0 0 0 0 3 0 0 0 0 0 0 0 5 5 0 0 3 0 
Medo Hassan
0 0 0 3 5 3 0 0 0 0 0 0 0 5 5 1 1 0 5 0 0 0 1 5 3 0 0 5 0 0 5 0 0 5 0 -3 0 5 0 0 0 0 -3 0 1 0 0 0 0 0 0 0 1 0 0 
aescutia21
0 0 0 0 3 1 0 0 0 1 0 3 0 3 3 0 0 0 3 0 0 0 0 0 0 0 0 3 0 0 3 3 0 1 0 -3 0 0 0 1 0 0 5 0 5 0 0 0 1 0 0 0 0 0 0 
hahmed999
0 0 3 0 0 0 0 0 0 0 0 5 0 5 0 0 0 0 0 0 0 0 0 0 0 0 0 0 0 0 3 0 0 3 0 0 0 0 5 5 0 0 0 5 0 0 0 0 0 0 0 0 0 0 0 
kchyc2
0 0 3 0 0 1 0 0 0 3 3 3 0 1 1 0 0 0 3 3 0 0 0 0 0 0 0 5 1 0 3 3 0 0 0 -3 0 3 0 0 0 0 3 0 3 0 0 0 0 0 0 0 0 0 0 
mnchew2
0 0 0 0 0 0 0 0 0 0 0 0 0 1 -3 0 0 0 0 0 0 0 0 0 0 0 0 0 0 0 0 0 0 0 0 0 0 3 0 0 0 0 5 0 0 0 0 0 0 0 0 0 0 0 0 
sana.abbasi
0 0 0 5 5 1 0 0 0 1 0 0 0 3 3 0 1 0 -5 0 0 0 0 0 0 0 0 1 1 0 5 0 0 0 0 1 0 5 0 5 0 0 3 3 0 0 0 0 0 0 0 3 0 0 0 
VER
0 0 0 0 0 0 0 0 0 0 0 0 0 0 0 0 0 0 3 0 0 0 0 0 0 0 0 0 0 0 1 3 5 0 0 0 0 0 0 0 0 0 1 0 0 0 0 0 0 5 5 0 0 0 0 
Liza_rd
0 0 0 0 0 -3 0 0 0 3 0 0 0 0 0 0 0 0 0 0 0 0 0 0 0 0 0 5 0 0 0 0 0 0 0 0 0 5 0 0 0 0 3 0 0 0 0 0 0 0 0 0 0 0 0 
htan21
0 0 0 0 0 0 0 0 0 0 0 0 0 3 3 0 1 0 0 0 0 0 0 0 0 0 0 5 1 0 1 0 0 0 0 0 0 1 0 3 0 0 1 0 0 0 0 0 0 0 0 0 0 0 0 
shoma2
0 0 0 0 0 0 0 0 0 0 0 0 0 3 3 0 0 0 0 0 0 0 0 0 0 0 0 -3 0 0 3 0 0 0 0 3 0 0 0 0 0 0 3 0 0 0 0 0 0 3 1 0 0 0 0 
pmccar5
3 0 0 0 0 0 0 0 0 0 0 0 0 3 0 0 0 0 5 0 0 0 0 0 0 0 0 0 0 0 0 0 0 0 0 0 0 5 0 3 0 0 1 0 0 0 0 0 0 0 5 0 0 0 0 
srahma41
0 0 0 3 0 -3 0 0 0 1 5 0 0 3 5 0 0 0 0 0 0 0 0 0 0 0 0 5 0 0 3 0 5 0 0 -3 0 0 0 0 0 0 5 1 0 0 3 0 0 0 0 0 0 0 0 
cflood4
0 0 0 0 0 -3 0 0 0 3 -5 3 0 3 -3 0 0 0 5 -5 0 0 0 0 0 3 0 0 0 0 3 5 0 3 0 -5 0 3 0 3 0 0 -3 5 0 0 0 0 0 3 5 0 0 0 0 
Barty
0 0 0 0 0 0 0 0 0 0 0 0 0 0 0 0 0 0 0 0 0 0 0 0 0 0 0 0 0 0 0 5 0 0 0 0 0 3 0 0 0 0 5 0 0 0 0 0 0 3 5 0 0 0 0 
msales3
0 0 0 0 3 3 0 0 0 0 3 0 0 5 5 0 0 0 0 0 0 0 0 0 0 0 0 5 5 0 0 3 0 0 0 -3 0 0 0 0 0 0 5 1 0 0 0 0 0 0 0 0 0 0 0 
amoran9
0 0 0 0 0 0 0 0 0 0 0 0 0 0 0 0 0 0 0 0 0 0 0 0 0 0 0 0 0 0 1 0 0 0 0 0 0 0 0 3 0 0 0 0 0 0 0 0 0 0 0 0 0 0 0 
BrandonNoyes
0 0 1 1 0 0 0 0 0 0 0 0 0 1 3 0 0 0 0 0 0 0 0 0 0 0 0 0 0 0 1 0 0 -3 0 0 0 0 0 1 0 0 3 3 0 0 0 0 0 0 0 0 0 0 0 
oherna25
0 0 0 0 0 0 0 0 0 0 0 0 0 0 5 0 0 0 5 0 0 0 0 0 0 5 0 0 0 0 5 0 0 0 0 0 0 0 0 0 0 0 3 0 0 0 0 0 0 0 0 0 0 0 0 
tkaczyk3
0 0 0 0 0 1 0 0 0 3 0 3 0 1 5 0 0 0 1 0 0 0 0 0 0 0 0 0 0 0 1 0 0 0 0 0 0 0 0 0 0 0 1 0 0 0 0 0 0 0 0 0 0 0 0 
Akash
1 0 0 3 1 3 0 0 1 5 1 0 3 1 0 0 1 0 3 1 3 1 0 3 0 0 1 5 3 0 3 0 1 3 0 3 0 0 1 0 1 0 3 0 0 3 0 0 1 5 3 0 3 3 0 
Hina
0 0 0 0 3 3 1 0 0 3 3 3 0 5 3 5 3 1 3 -3 0 0 0 3 0 0 0 0 0 1 5 3 3 5 3 5 0 3 0 0 0 3 5 0 0 0 1 3 0 5 5 3 3 3 0 
jgallo6
5 0 0 0 0 0 0 3 0 0 1 1 3 3 5 5 3 5 1 1 1 0 0 0 0 0 0 5 5 0 1 3 3 0 0 0 0 1 3 0 0 1 5 3 5 0 0 0 0 3 3 0 0 0 0 
Triquan16.01
0 0 0 0 0 0 0 0 0 3 0 0 0 0 0 0 0 0 0 0 0 0 0 0 0 0 0 1 0 0 0 0 0 3 0 3 0 0 0 0 0 0 5 0 0 0 0 0 0 1 0 0 0 0 0 
BugsBunny
0 1 0 1 0 0 0 1 1 5 5 3 -3 5 5 3 0 1 -3 3 -3 -5 -3 0 1 3 5 5 -5 1 3 5 3 5 3 5 -5 -3 0 0 5 3 5 -3 0 0 1 0 -3 1 1 0 -5 0 1 
fizz
0 0 0 0 0 3 0 0 0 3 0 3 0 5 0 0 0 0 0 0 0 0 0 0 0 0 0 0 0 0 0 3 0 0 0 1 0 0 0 0 0 0 0 0 0 0 0 0 0 3 0 0 0 0 0 
armiger2
5 0 0 0 0 0 0 0 0 -5 0 -5 0 -3 1 3 -3 0 -3 0 0 0 0 1 0 0 0 5 0 0 1 1 0 5 0 0 0 0 -3 0 0 0 5 3 0 0 0 0 0 0 -3 0 0 0 0 
asdfjkl;
0 0 0 0 0 0 0 0 0 3 0 0 0 3 0 0 0 0 3 0 0 0 0 0 0 0 0 3 0 0 0 3 0 0 0 0 0 0 0 3 0 0 1 0 0 0 3 0 0 1 1 0 0 0 0 
aleenalbert
0 0 0 0 1 -5 0 0 0 3 3 5 5 -5 5 -3 1 0 3 3 0 0 0 0 0 0 0 0 0 0 5 3 1 0 0 0 0 -3 5 -3 0 -3 5 5 0 0 0 0 0 5 5 0 0 0 0 
Nightman
5 0 0 0 0 -5 0 -3 0 3 1 1 3 5 5 0 0 0 1 0 0 0 0 -3 0 0 0 5 5 0 5 5 0 3 0 -5 0 5 1 0 0 1 3 1 5 0 0 0 0 3 1 0 1 0 0 
dserra22
0 0 0 0 0 0 0 0 0 0 0 0 0 0 5 0 0 0 0 3 0 0 0 0 0 0 0 1 0 0 5 0 0 0 0 0 0 0 0 0 0 0 0 0 0 0 0 0 0 0 3 0 0 0 0 
belol726
0 0 0 0 0 0 0 0 0 3 0 0 0 5 5 0 0 0 5 5 0 0 0 0 0 0 0 0 0 0 5 0 0 0 0 -3 0 0 0 3 0 0 5 0 0 0 0 0 0 1 1 0 0 0 0 
FamFrank
0 0 0 0 0 1 0 0 0 0 0 0 0 0 5 0 0 0 1 0 0 0 0 0 0 0 0 0 0 0 5 0 0 0 0 0 0 0 0 0 0 0 0 0 0 0 0 0 0 0 0 0 0 0 0 
afries4
0 0 0 0 0 1 0 0 0 0 1 5 0 5 5 0 0 3 -3 5 0 0 0 0 0 0 0 5 5 0 1 3 5 3 0 -3 0 3 5 3 0 0 5 1 0 0 1 0 0 5 5 0 0 0 0 
gricoj2
0 0 0 0 0 0 0 0 0 0 0 0 0 3 1 0 0 0 0 0 0 0 0 0 0 0 0 3 3 0 3 0 0 0 0 0 0 0 0 0 0 0 3 3 5 0 0 0 0 0 0 0 0 0 0 
b28aguilar
0 0 0 0 0 1 0 0 0 0 0 1 0 3 0 3 0 0 0 3 0 0 0 0 0 0 0 5 0 0 1 1 0 1 0 0 0 5 0 3 0 1 3 0 0 0 0 0 0 0 0 0 0 0 0 
Elephant
0 1 1 0 3 3 0 1 0 3 0 0 0 5 1 0 0 0 1 0 0 1 0 0 0 0 0 0 0 0 0 1 0 5 1 3 0 0 0 0 0 0 3 0 0 0 0 0 0 3 3 0 0 0 0 
cmei25
0 0 0 0 0 0 0 0 0 0 0 1 1 1 -3 1 0 0 1 0 0 0 0 0 0 0 0 1 3 0 -3 0 0 0 0 0 0 0 0 1 -3 0 0 0 0 0 0 0 0 0 0 0 0 0 0 
Meraj
0 0 0 0 0 0 0 0 0 0 0 0 0 0 0 0 0 0 0 0 0 0 0 0 0 0 0 0 0 0 0 0 0 0 0 0 0 0 0 0 0 0 0 0 0 0 0 0 0 0 0 0 0 0 0 
bananaBreadPudding57
0 0 0 0 5 1 0 3 0 0 5 0 0 5 3 0 0 0 3 3 0 0 0 0 0 3 0 0 0 0 5 5 0 0 0 1 0 5 0 0 1 0 5 5 0 0 0 3 0 0 0 0 0 0 0 
mcarno2
5 3 0 0 0 0 5 0 0 1 0 3 0 0 3 1 1 5 0 0 0 0 0 0 0 0 0 0 0 0 5 3 0 3 0 0 0 5 1 3 0 5 3 5 0 0 0 0 0 5 5 0 5 0 0 
NicdaoG
0 0 0 0 0 0 0 0 0 0 0 0 0 1 3 1 0 0 5 0 0 0 0 0 0 0 0 0 0 0 3 0 3 0 0 0 0 0 0 0 0 0 3 1 0 0 0 0 0 0 0 0 0 0 0 
nivek
3 0 0 0 1 1 0 0 0 0 0 0 0 0 1 0 0 0 0 0 0 0 0 0 0 0 0 0 0 0 3 0 0 0 0 0 0 5 0 3 0 0 1 0 0 0 0 0 0 1 1 0 0 0 0 
Danielle
0 5 0 3 5 0 0 3 0 3 1 5 0 1 -3 0 3 0 -5 1 0 0 0 0 0 0 0 0 5 0 -5 5 3 0 0 1 0 0 5 0 0 5 3 5 0 0 5 5 0 5 5 0 0 1 0 
vp98
0 0 0 0 0 1 0 0 0 5 0 0 0 5 3 0 0 0 1 0 0 0 0 0 0 0 0 3 0 0 1 0 0 0 0 0 0 5 0 0 0 0 0 0 0 0 0 0 0 3 1 0 0 0 0 
Caleb
1 0 0 0 0 0 0 0 0 1 0 0 0 3 3 0 0 0 1 0 0 0 0 0 0 0 0 3 1 0 3 0 0 0 0 0 0 3 3 0 0 0 5 0 3 0 0 0 0 5 5 0 0 0 0 
Kadan
3 0 0 0 1 0 5 0 0 0 0 5 0 5 3 5 0 0 1 0 0 0 0 0 0 0 0 1 0 0 -3 5 0 0 0 0 0 0 5 3 0 0 5 0 0 0 5 0 0 5 5 0 0 0 0 
hchan34
0 0 0 0 0 0 0 0 0 3 0 0 0 -3 1 0 0 0 0 0 0 0 0 0 0 0 0 0 0 0 0 0 0 3 0 -5 0 0 0 0 3 0 3 0 0 0 0 0 0 3 3 0 0 0 0 
Nick R.
0 0 0 0 0 0 0 0 0 0 0 0 0 0 1 0 0 0 0 0 0 0 0 0 0 0 0 0 0 0 -3 1 0 0 0 1 0 0 0 3 0 0 0 0 0 0 0 0 0 0 0 0 0 0 0 
neelu_nerella
0 0 0 0 0 -3 0 0 0 0 1 0 0 5 -3 0 0 0 0 0 0 0 0 -5 0 0 0 0 0 0 5 0 0 0 0 0 0 0 0 0 0 0 5 0 0 0 0 0 0 0 0 0 0 0 0 
maprez3
0 0 0 0 0 1 0 0 0 1 -3 1 0 3 5 0 0 0 5 -3 0 0 0 0 0 0 0 1 3 0 5 -5 0 1 0 1 0 1 -3 0 0 0 -3 1 0 0 0 0 0 5 5 0 0 0 0 
zbekbo3
0 0 0 0 0 0 0 0 0 0 0 0 0 0 0 0 0 0 0 0 0 0 0 0 0 0 0 0 -3 -5 -3 0 1 3 5 3 1 0 -3 -5 -3 0 1 3 5 3 1 0 -3 -5 -3 0 1 3 5 
Jeffin
0 0 0 0 1 0 0 0 0 0 0 3 0 5 3 0 0 0 3 0 0 0 0 0 0 0 0 5 3 0 1 0 0 3 0 1 0 0 0 0 0 0 5 3 1 0 1 0 0 1 1 0 0 0 0 
Brandon Gonzalez
0 0 0 0 0 3 0 0 0 0 0 0 0 5 5 0 0 0 -5 0 0 0 0 0 0 0 0 3 0 0 1 0 0 3 1 -3 0 5 0 5 0 0 -3 3 0 0 0 0 0 -3 -3 0 0 0 0 
xmeng23
0 1 0 0 1 0 0 0 0 3 0 0 0 3 3 0 0 3 0 0 0 0 3 0 0 0 0 3 0 3 0 0 0 0 0 3 0 0 0 0 0 0 3 0 0 0 0 0 0 3 0 0 0 3 0 
Orly
0 0 0 0 0 0 0 0 0 1 0 0 1 3 3 0 0 0 3 0 0 0 0 0 0 0 0 0 0 0 3 1 3 3 0 0 0 0 0 0 0 0 3 0 0 0 0 0 0 3 1 0 0 0 0 
swang299
3 0 0 0 0 3 0 0 0 5 1 1 0 5 1 0 0 0 0 0 0 0 0 1 0 0 0 5 1 0 3 0 0 1 0 -3 0 1 0 0 0 0 3 0 3 0 0 0 0 3 3 0 0 0 0 
dsheik2
0 0 0 0 0 0 0 0 0 0 0 0 0 1 3 0 0 0 1 0 1 0 0 3 0 3 0 1 1 0 1 1 0 1 0 0 0 3 0 3 0 0 1 1 1 0 3 5 0 0 0 0 0 0 0 
ccasim2
0 0 0 0 0 0 0 0 0 1 0 5 0 5 3 0 0 0 1 0 0 0 0 0 0 0 0 1 0 0 3 5 0 0 0 0 0 0 0 0 0 0 5 0 3 0 0 0 0 5 5 0 0 0 0 
David99
0 0 0 0 0 0 0 0 0 0 0 0 3 0 3 0 0 0 0 0 0 0 0 0 0 0 0 0 0 0 0 0 0 0 0 0 0 0 0 0 0 0 3 0 0 0 0 0 0 0 0 0 0 0 0 
asalga24
0 0 0 0 0 0 0 0 0 0 0 0 0 0 1 0 0 0 0 0 0 0 0 0 0 0 0 3 0 0 0 0 0 0 0 0 0 1 0 0 0 0 0 0 0 0 0 0 0 0 0 0 0 0 0 
rak3rman
0 3 0 0 0 0 0 0 0 3 0 5 0 3 5 0 0 0 1 0 0 0 0 0 0 0 0 0 0 0 1 0 1 1 0 0 0 0 0 3 0 0 5 5 0 0 0 0 0 3 3 0 0 0 0 
Icon21
0 0 0 0 0 3 0 0 0 0 0 0 0 3 3 5 0 0 0 0 0 0 0 0 0 0 0 0 0 0 3 5 0 0 0 -3 0 3 5 0 0 0 5 5 0 0 0 0 0 5 5 0 0 0 0 
magic
0 0 0 0 0 0 0 0 0 5 0 5 0 5 5 5 0 0 0 0 0 0 0 0 0 5 0 5 5 0 0 3 1 0 0 0 0 0 3 0 0 0 5 3 5 0 0 0 0 3 3 0 0 0 0 
hnadee2
0 0 0 0 0 3 0 0 0 0 0 0 0 0 0 0 0 0 0 0 0 0 0 0 0 0 0 0 0 0 0 0 0 0 0 0 0 0 0 0 0 0 0 0 0 0 0 0 0 0 0 0 0 0 0 
DankOranges34
0 0 0 0 0 0 0 0 0 3 0 0 0 0 3 0 0 0 0 0 0 0 0 3 0 0 0 0 0 0 0 0 3 1 0 -5 0 -3 0 3 0 0 3 3 0 0 0 0 0 0 0 0 3 0 0 
kamihada
0 0 0 0 3 1 0 0 0 3 3 0 0 0 5 0 0 0 0 3 0 0 0 3 0 0 0 5 5 0 3 0 0 0 0 5 0 1 0 3 0 0 3 0 5 0 0 0 0 0 0 0 0 0 0 
jgarc241
0 0 5 0 0 5 0 0 0 5 5 0 0 5 5 0 0 0 5 0 0 0 0 0 0 0 0 0 0 0 5 0 5 5 0 5 0 0 0 0 0 0 5 5 0 0 0 0 0 0 0 0 0 0 0 
mcowl
0 0 0 0 0 0 0 3 0 0 3 3 0 3 0 0 0 0 0 0 0 0 0 0 0 0 0 0 0 0 -3 0 0 3 0 5 0 0 5 0 3 1 0 3 0 0 0 0 0 0 1 0 0 0 0 
mikeli
0 0 0 0 3 0 0 1 0 3 0 0 0 1 5 0 0 0 3 0 0 0 0 1 0 3 0 0 0 0 3 3 0 0 0 0 0 3 0 0 0 5 5 0 0 0 0 0 0 1 3 0 0 0 0 
kheath3
0 0 0 0 0 0 0 0 0 0 0 0 0 0 3 0 3 0 3 0 0 0 0 3 0 3 0 1 -3 0 3 3 0 0 0 -5 0 0 1 0 0 0 3 3 0 0 0 3 0 3 3 0 0 0 0 
Frog
5 0 0 0 3 0 5 0 0 0 0 -5 3 -5 -5 3 0 0 1 5 0 0 0 3 0 0 0 5 5 0 5 3 3 5 0 5 0 5 3 5 0 0 5 0 5 0 1 0 0 0 0 0 5 0 0 
kpate391
0 0 0 0 0 0 0 0 0 0 0 0 0 3 1 0 1 0 0 0 0 0 0 0 0 0 0 0 0 0 1 0 0 0 0 0 0 0 3 0 0 0 5 0 0 0 0 0 0 0 0 0 0 0 0 
djolero
3 -3 0 0 -5 -3 5 0 0 1 -5 -3 1 3 3 0 -5 -3 3 -3 -5 1 -3 1 0 0 0 5 5 -5 3 3 0 1 3 -3 -3 -5 0 3 0 1 5 -3 -5 -5 0 1 -3 3 5 -3 3 -3 0 
Storm
-5 -3 0 1 3 5 3 1 0 -3 -5 -3 0 1 3 5 3 1 0 -3 -5 -3 0 1 3 5 3 1 0 -3 -5 -3 0 1 3 5 3 1 0 -3 -5 -3 0 1 3 5 3 1 0 -3 -5 -3 0 1 3 
jhurta9
0 0 0 0 0 0 0 0 0 0 0 0 0 0 0 0 0 0 0 0 0 0 0 0 0 0 0 0 0 0 0 0 0 0 0 0 0 0 0 0 0 0 0 0 0 0 0 0 0 0 0 0 0 0 0 
Siddharth09
0 3 3 0 0 3 0 0 0 5 0 1 0 0 5 0 0 0 0 0 0 3 0 0 0 0 0 0 0 0 0 0 0 5 0 3 0 0 0 0 0 0 5 0 0 0 0 3 0 5 5 0 5 0 0 
canarino_al_cioccolato
0 0 0 0 0 0 0 0 0 3 0 0 0 0 -3 0 0 0 0 0 0 0 0 0 0 0 0 0 0 0 1 0 0 0 0 0 0 0 0 0 0 0 -3 0 0 0 0 0 0 0 0 0 0 0 0 
faigne2
0 0 0 0 0 0 0 3 0 0 3 0 0 5 3 0 0 0 5 0 3 0 0 5 0 0 0 0 0 0 5 3 0 -3 0 0 0 0 0 3 0 0 0 5 0 0 0 0 0 3 3 0 0 0 0 
amadni2
0 0 0 0 0 0 0 0 0 0 0 0 0 1 1 0 0 0 0 0 0 0 0 0 0 0 0 5 3 0 0 0 0 0 0 0 0 1 0 0 0 0 1 5 5 0 0 0 0 0 0 0 0 0 0 
efeder2
0 0 0 0 0 0 0 0 0 5 1 1 0 1 5 1 5 0 1 5 0 0 0 0 0 0 0 -3 0 0 1 5 0 1 0 -3 0 0 0 0 0 3 3 0 0 0 0 0 0 3 5 0 0 0 0 
ldmoy2
0 0 0 0 0 3 0 0 0 0 0 5 0 0 5 5 0 0 5 0 0 0 0 0 0 0 0 1 1 0 3 0 0 0 0 0 0 0 0 0 0 0 1 0 1 0 0 0 0 0 0 0 0 0 0 
rbarra6
0 0 0 0 3 1 0 0 0 0 1 0 0 5 5 0 0 0 0 1 0 0 0 0 0 0 0 5 0 0 3 1 0 1 0 1 0 3 0 5 0 0 3 3 3 0 0 0 0 0 0 0 0 0 0 
boky
3 0 0 0 0 -3 0 0 0 3 1 0 0 3 1 0 0 0 -3 0 0 0 0 0 0 0 0 5 -3 0 3 1 0 0 0 0 0 3 0 5 0 -3 0 0 0 0 3 1 0 0 0 0 1 0 0 
apalac23
0 0 0 0 0 0 0 0 0 0 0 0 0 1 3 0 0 0 0 0 0 0 0 0 0 0 0 0 0 0 3 0 0 0 0 1 0 0 0 3 0 0 3 0 0 0 0 0 0 0 0 0 0 0 0 
freezeroid
0 0 0 0 0 -3 0 0 0 3 0 0 0 1 0 0 0 0 0 0 0 0 0 0 0 0 0 3 5 0 3 5 0 5 0 -5 0 5 5 0 0 3 5 0 5 0 0 0 0 5 1 0 0 0 0 
prod1gy
0 0 0 0 0 0 0 0 0 0 0 0 5 0 0 0 0 0 0 0 0 0 0 0 0 0 0 0 0 0 0 0 0 0 0 0 0 0 0 0 0 0 5 0 0 0 0 0 0 0 0 0 0 0 0 
burhan
0 0 0 0 3 5 0 0 0 5 5 1 0 5 5 0 5 0 3 0 0 0 0 0 0 0 0 5 0 0 3 0 0 0 0 1 0 0 5 5 0 0 5 5 0 0 5 0 0 0 0 0 0 0 0 
rruiz30
0 0 0 0 5 0 0 0 0 0 0 0 0 0 0 0 0 0 0 0 0 0 0 5 0 3 0 0 0 0 5 3 0 0 0 0 0 5 0 3 0 0 3 0 0 0 0 0 0 0 0 0 0 0 0 
fkhan78
0 0 -3 3 0 0 1 0 0 3 0 0 3 5 3 -3 0 0 0 0 -3 0 0 3 0 0 -3 0 0 5 5 -3 0 0 1 -3 0 0 0 3 -3 0 5 0 0 3 0 0 5 3 5 0 -3 0 1 
emily
0 0 3 1 5 5 0 3 0 5 5 5 -3 5 5 -3 0 0 -3 5 0 0 0 -5 -3 0 0 0 0 0 5 -3 0 3 0 -5 0 0 0 3 0 0 0 1 -5 1 0 0 0 -3 -3 1 1 -3 -3 
msweis8
0 0 0 0 3 1 0 3 0 5 1 1 1 5 3 0 0 0 5 1 0 0 0 3 0 0 0 0 0 0 1 1 1 3 0 1 0 5 1 3 0 0 5 0 0 0 1 0 0 0 1 0 1 0 0 
Harshil Bhatt
0 1 0 -3 1 0 1 0 0 0 -5 0 -3 1 -3 0 0 1 3 5 3 1 0 -3 -5 0 1 3 0 -3 -5 0 0 0 0 0 -3 1 3 5 3 1 5 3 1 0 -3 -5 -3 -5 -3 -5 -3 -3 -3 
Mirac Kara
5 0 0 0 0 1 0 1 0 0 0 -3 0 1 3 0 0 0 -3 0 0 0 0 1 0 0 0 0 0 0 3 0 0 0 0 1 0 3 0 0 0 0 1 0 0 0 0 0 0 0 0 0 0 0 0 
dwarr3
0 0 0 0 0 1 0 0 0 0 0 0 0 1 3 0 0 0 0 0 0 0 0 0 0 0 0 5 5 0 3 0 0 0 0 1 0 0 0 0 0 0 3 0 0 0 0 0 0 1 1 0 0 0 0 
khwang21
0 0 0 0 0 1 0 0 0 1 0 1 0 1 3 0 -3 0 0 0 0 0 0 0 0 0 0 1 1 0 3 1 0 0 0 -3 0 0 0 0 0 0 1 1 0 0 1 0 0 0 1 0 0 0 0 
Amaan
0 0 0 0 0 1 0 0 0 0 1 0 0 5 3 0 0 0 1 0 0 0 0 0 0 0 0 5 0 0 -3 3 3 3 0 1 0 0 3 0 0 1 5 3 0 0 0 0 0 5 5 0 0 0 0 
ypatel49
1 0 1 3 1 3 -3 5 0 1 1 -3 0 5 5 5 0 5 3 3 5 -3 3 5 1 0 0 0 3 1 5 -3 1 1 -3 3 -5 1 0 1 0 1 5 5 1 1 0 1 3 0 0 1 -3 3 0 
tkhan34
0 0 0 0 0 -3 0 3 0 3 3 1 0 3 -3 3 0 0 -5 1 0 0 0 -3 0 1 0 0 0 0 3 3 0 0 0 0 0 1 3 -3 3 0 3 3 0 0 0 0 1 1 1 0 0 0 0 
RecTech
0 0 0 0 0 0 0 0 0 0 0 0 0 1 3 1 0 0 0 0 0 0 0 0 0 0 0 0 0 0 3 3 0 0 0 0 0 1 0 0 0 0 3 0 0 0 0 0 0 1 0 1 0 1 0 
JManqu2
0 0 0 0 0 0 0 0 0 0 0 0 0 1 3 0 0 0 3 0 0 0 0 0 0 0 0 0 0 0 3 0 0 0 0 0 0 0 0 0 0 0 0 0 0 0 0 0 0 0 0 0 0 0 0 
dgallu2
0 0 0 0 0 0 0 0 0 0 0 3 0 0 3 0 0 0 0 0 0 0 0 0 0 0 0 0 0 0 0 0 0 0 0 0 0 0 0 0 0 0 0 0 0 0 0 0 0 0 0 0 0 0 0 
sohaga2
0 0 0 0 0 0 0 0 0 0 0 5 0 5 3 5 0 0 5 0 0 0 0 0 0 0 0 0 0 0 3 0 0 0 0 0 0 0 5 5 0 0 5 5 0 0 5 5 0 5 5 0 0 0 0 
ebrede2
0 0 0 0 0 0 0 0 0 1 0 0 0 5 1 0 0 0 3 0 0 0 0 5 0 0 0 3 5 0 1 0 0 0 0 0 0 5 5 0 0 0 0 0 3 0 0 0 0 0 0 0 5 0 0 
Youshu
0 0 0 0 0 0 0 0 0 0 0 0 0 0 3 0 0 0 0 0 0 0 0 0 0 0 0 5 0 0 0 0 0 0 0 0 0 0 0 0 0 0 0 0 5 0 0 0 0 0 0 0 0 0 0 
Muhammed Mbow
0 0 -5 1 -5 0 1 -5 0 0 0 0 0 1 -3 -3 -3 0 1 0 -3 0 1 0 -3 0 1 1 0 -3 0 1 0 -3 3 -5 1 0 0 -3 1 -3 -3 1 -3 -3 0 1 -3 1 0 1 -3 0 5 
hxu65
1 0 3 1 3 0 5 5 3 1 3 3 1 5 1 0 0 1 1 0 3 0 1 1 0 3 3 1 5 3 5 1 1 3 1 0 1 5 0 3 1 0 1 0 0 1 0 1 0 1 0 3 1 0 1 
Sunny
0 0 0 0 0 0 0 0 0 5 0 0 3 5 5 0 0 0 0 0 0 0 0 0 0 0 0 5 5 0 0 0 0 5 0 1 0 0 0 0 0 0 5 0 0 0 3 0 0 5 5 0 0 0 0 
Savila25
0 0 0 0 1 0 0 0 0 0 0 5 0 3 0 0 0 0 5 1 0 0 0 0 0 0 0 0 0 0 3 1 0 0 0 3 0 5 0 5 1 0 0 0 0 0 0 0 0 0 0 0 0 0 0 
aalawi5
0 0 1 0 0 -3 -3 0 1 1 3 1 -5 0 0 1 0 0 1 0 1 0 0 1 -3 -5 -5 5 0 5 0 3 1 0 1 3 0 1 -5 0 0 0 5 0 1 0 0 0 -3 0 0 0 1 0 1 
OldSpice1234
0 0 0 0 0 -3 0 0 0 0 0 0 1 3 5 0 0 1 0 0 0 0 0 0 0 0 0 0 0 0 0 0 0 1 0 0 0 0 0 0 0 0 5 0 0 0 0 0 0 0 0 0 0 0 0 
Yesh S
0 0 0 0 0 1 0 0 0 0 -3 0 0 3 3 0 0 0 0 0 0 0 0 0 0 0 0 0 0 0 1 0 0 1 0 0 0 0 0 0 0 0 0 1 0 0 0 0 0 3 0 0 0 0 0 
herve001
3 0 0 1 1 3 3 0 -3 3 0 0 0 1 1 3 3 1 1 0 -3 -3 -3 -3 0 0 1 5 5 3 1 3 5 3 3 3 0 1 0 0 0 0 5 1 1 1 1 3 0 5 5 3 5 3 0 
tlimba2
0 0 0 0 0 0 0 0 0 0 0 0 0 3 0 5 0 0 0 0 0 0 0 0 0 0 0 0 0 0 0 0 0 0 0 0 0 1 3 0 0 0 5 1 0 0 0 0 0 0 0 0 0 0 0 
emonte9
0 0 0 0 1 -3 1 1 -3 -3 0 0 0 5 3 0 0 0 0 0 5 0 0 0 0 0 0 5 5 0 0 0 0 0 0 -5 0 0 0 0 0 0 5 0 0 0 0 0 0 5 5 0 3 0 0 
nik
0 1 0 0 0 0 1 0 0 5 0 0 1 0 3 0 0 0 0 0 0 0 0 0 0 0 0 0 0 0 3 0 0 0 0 0 0 0 0 0 0 0 5 0 0 0 0 0 0 3 1 0 0 0 0 
sora2781
0 0 0 0 0 0 0 0 0 0 0 0 0 0 0 0 0 0 0 0 0 0 0 0 0 0 0 0 0 0 0 0 0 0 0 0 0 0 0 0 0 0 0 0 0 0 0 0 0 0 0 0 0 0 0 
recommended122
0 0 0 0 0 3 0 0 0 0 0 0 1 0 0 0 0 0 0 0 0 -3 0 0 0 0 0 0 0 0 0 0 0 1 0 3 0 0 0 0 0 0 0 0 0 0 0 0 0 0 0 0 0 0 0 
Gus
0 0 0 0 0 0 0 0 0 0 0 0 0 0 1 0 0 0 0 0 0 0 0 0 0 0 0 0 0 0 1 0 0 -3 0 0 0 0 0 0 0 0 0 0 1 0 0 0 0 0 0 0 0 0 0 
cgalar5
1 0 0 0 1 -3 0 0 0 1 5 5 0 5 5 0 0 0 3 1 0 0 0 1 0 3 0 5 5 0 1 1 3 0 0 0 0 3 1 0 0 3 3 5 0 0 0 0 0 3 3 0 0 0 0 
hchris6
3 0 0 0 0 1 0 3 0 0 3 3 0 3 1 0 3 0 1 0 0 0 0 0 0 0 0 1 0 0 1 3 0 1 0 1 0 0 1 1 0 1 3 1 0 0 0 0 0 1 0 0 0 0 0 
mwu52
5 0 0 0 3 0 0 0 0 5 0 0 0 3 3 0 0 0 0 0 0 0 0 0 0 0 0 0 0 0 0 0 0 0 0 0 0 0 0 0 0 0 3 3 0 0 0 3 5 0 0 0 0 0 0 
pattyv
0 0 0 0 0 0 0 0 0 0 0 0 0 5 5 0 0 0 0 0 0 0 0 0 0 0 0 5 5 0 0 0 0 5 0 0 0 0 0 0 0 0 -5 0 0 0 0 0 0 5 5 0 5 0 0 
sp1109
0 0 0 0 3 0 0 3 0 0 0 0 0 3 5 0 0 0 0 0 0 0 0 0 0 0 0 0 0 0 1 0 0 0 0 0 0 0 0 0 0 0 5 5 0 0 0 0 0 0 0 0 0 0 0 
kannam2
0 0 0 0 0 0 0 0 0 0 0 0 0 0 0 0 0 0 0 0 0 0 0 0 0 0 0 0 0 0 0 0 0 0 0 0 0 0 0 0 0 0 0 0 0 0 0 0 0 0 0 0 0 0 0 
ajpudi
0 0 0 0 0 0 0 0 0 0 0 0 0 1 3 0 0 0 1 0 0 0 0 0 0 0 0 0 0 0 3 3 0 0 0 0 0 0 0 0 0 3 5 3 0 0 5 0 0 0 0 0 0 0 0 
Hao
0 0 0 0 0 0 0 0 0 1 0 0 0 0 0 1 0 0 0 0 0 0 0 0 0 0 0 0 0 0 3 0 0 5 0 1 0 0 0 0 0 0 3 0 0 0 1 0 0 3 0 0 0 0 0 
sjoy5
0 0 0 0 0 0 0 0 0 0 0 0 0 5 3 0 0 0 5 0 0 0 0 0 0 0 0 0 0 0 5 0 0 0 0 0 0 3 0 0 0 0 5 0 0 0 0 0 0 0 0 0 0 0 0 
bperzee1
0 0 0 0 3 0 0 0 0 0 0 0 0 5 3 0 0 0 0 0 0 0 0 3 0 0 0 0 0 0 5 0 0 0 0 1 0 0 0 3 0 0 0 1 0 0 0 0 0 0 0 0 0 0 0 
bkopec4
-5 0 -3 1 0 -3 3 5 3 1 -3 -5 3 5 3 0 -5 -3 3 0 0 0 5 3 5 3 1 0 -3 -5 -5 -5 -3 0 1 1 0 3 5 0 1 -3 -3 -5 0 -5 0 3 1 1 1 1 0 -3 -5 
balani3
0 0 0 0 0 1 0 0 0 -3 0 0 0 3 1 0 0 0 1 0 0 0 0 0 0 0 0 0 0 0 1 0 3 0 0 0 0 1 0 0 0 0 0 3 0 0 3 0 0 0 0 0 0 0 0 
Connor
0 0 0 0 0 3 0 0 0 3 0 1 0 1 3 0 0 0 1 0 0 0 0 0 0 0 0 5 3 0 3 1 0 1 0 1 0 0 0 0 0 3 3 0 0 0 0 0 0 3 3 0 0 0 0 
derBearJew
5 3 0 0 1 0 -3 1 0 3 1 3 1 5 5 0 0 0 3 5 0 0 1 0 0 -3 0 3 5 0 3 3 3 5 0 -5 0 5 -3 0 0 3 5 0 5 0 0 0 3 5 5 0 5 0 3 
smui7
0 0 0 0 0 0 0 0 0 0 0 0 0 0 0 0 0 0 0 0 0 0 0 0 0 0 0 0 0 0 0 0 0 0 0 0 0 0 0 0 0 0 0 0 0 0 0 0 0 0 0 0 0 0 0 
Ash
0 0 0 0 0 1 0 0 0 0 0 3 0 0 0 0 0 0 1 0 0 0 0 0 0 0 0 5 0 0 3 0 5 5 0 3 0 0 0 0 0 0 5 0 0 0 0 0 0 3 3 0 0 0 0 
max
0 0 0 0 0 0 0 0 0 0 0 0 0 1 1 0 0 0 0 0 0 0 0 0 0 0 0 0 0 0 3 0 0 0 0 0 0 0 0 0 0 0 0 0 0 0 0 0 0 0 0 0 0 0 0 
Tapan
0 0 0 0 0 0 0 0 0 0 0 0 0 0 0 0 0 0 0 0 0 0 0 0 0 0 0 0 0 0 0 0 0 0 0 0 0 0 0 0 0 0 0 0 0 0 0 0 0 0 0 0 0 0 0 
leedallas
3 0 0 0 0 0 0 0 0 0 0 5 0 0 1 0 0 5 3 0 0 0 0 5 0 1 0 0 0 0 -5 0 0 0 0 0 0 5 0 3 0 0 0 0 0 0 0 0 0 5 5 0 0 0 0 
Kaif
0 1 0 0 0 1 3 0 3 1 1 1 0 1 0 0 1 1 3 3 1 0 0 0 0 1 1 1 1 0 0 0 0 0 0 0 0 0 0 0 1 0 0 0 0 3 0 0 0 0 0 0 0 0 1 
amandaa2
0 0 0 0 3 3 0 1 0 3 3 0 0 5 5 0 0 0 3 0 0 0 0 0 0 0 0 0 0 0 3 5 1 1 0 3 0 3 0 5 0 0 5 0 0 0 0 0 0 3 0 0 3 0 0 
celery
0 0 0 0 3 1 0 0 0 1 0 0 0 1 1 0 0 0 -3 0 0 0 0 0 0 0 0 0 0 0 1 0 0 1 0 -3 0 0 0 0 0 0 3 0 0 0 0 0 0 0 0 0 0 0 0 
Adelina Carr
0 0 0 0 0 0 0 0 0 0 0 0 0 0 0 0 0 0 3 0 0 0 0 0 0 0 0 0 0 0 5 0 0 0 0 0 0 0 0 3 0 0 5 0 0 0 0 0 0 0 0 0 0 0 0 
hgoel3
0 -3 0 0 0 0 -3 0 0 0 0 0 1 0 0 0 0 0 0 0 0 0 0 0 0 0 0 0 0 0 0 0 0 0 0 0 0 0 0 0 0 0 5 0 0 0 0 0 0 1 3 0 0 0 0 
jmejia35
0 0 0 0 0 0 0 0 0 0 0 5 0 5 -3 0 0 0 3 0 0 0 0 -3 0 0 0 0 0 0 0 0 0 0 0 0 0 0 0 0 0 0 1 5 0 0 0 0 0 0 0 0 0 0 0 
Siham Shweikani
0 0 0 0 0 0 0 0 0 5 0 0 0 5 0 0 0 0 3 0 0 0 0 0 0 0 0 1 0 0 1 0 0 0 0 1 0 0 0 0 3 1 3 0 0 0 0 0 0 3 3 0 0 0 0 
abarbo8
0 0 0 0 0 0 0 0 0 0 0 5 0 5 5 0 0 0 0 0 0 0 0 0 0 0 0 5 5 0 0 5 5 5 0 5 0 5 5 0 0 0 0 0 5 0 0 0 0 0 0 0 0 0 0 
spate593
0 0 0 0 1 0 0 0 0 0 0 0 0 0 0 0 0 0 0 0 0 0 0 0 0 0 0 0 0 0 0 0 0 0 0 0 0 0 0 0 0 0 0 0 0 0 0 0 0 0 0 0 0 0 0 
ivanmz2
0 0 0 0 0 0 0 0 0 0 0 0 0 1 0 0 0 0 3 0 0 0 0 0 0 0 0 1 1 0 5 0 0 3 0 0 0 0 0 3 0 0 0 5 3 0 0 0 0 0 0 0 0 0 0 
Billybside
0 0 0 0 0 0 0 0 0 0 0 0 0 0 0 0 0 0 0 0 0 0 0 0 0 0 0 0 0 0 0 0 0 0 0 0 0 0 0 0 0 0 0 0 0 0 0 0 0 0 0 0 0 0 0 
agalle26
0 0 0 0 0 0 0 0 0 0 0 0 0 3 3 0 0 0 1 0 0 0 0 0 0 0 0 0 0 0 1 0 0 0 0 0 0 5 0 1 0 0 5 0 0 0 0 0 0 0 0 0 1 0 0 
nyauh
1 0 0 1 0 -5 0 1 0 1 0 3 0 1 1 0 3 5 0 0 0 0 0 0 0 0 0 0 0 0 1 1 0 0 0 -3 5 0 1 3 0 5 5 0 1 0 0 0 0 0 0 0 0 0 0 
Sabber
0 0 0 0 0 1 0 0 0 1 -3 1 0 5 5 0 0 0 0 0 0 0 0 0 0 0 0 5 3 0 3 5 0 0 0 -3 0 0 1 0 0 0 5 3 0 0 0 0 0 5 5 0 1 0 0 
eplesa2
0 0 0 0 0 0 0 0 0 0 0 0 0 1 -3 0 0 0 0 0 0 0 0 0 0 0 0 0 0 0 0 0 0 0 0 0 0 -3 0 0 0 0 1 0 0 0 0 0 0 1 1 0 0 0 0 
Nik
0 0 0 0 0 0 0 0 0 0 0 0 0 1 3 0 0 0 0 0 0 0 0 0 0 0 0 1 1 0 0 0 0 0 -3 0 0 0 0 0 0 0 1 0 0 0 0 0 0 5 3 0 0 0 0 
u676621931
0 0 0 0 0 3 0 0 0 0 0 0 0 3 0 0 0 0 0 0 0 0 0 0 0 0 0 5 0 0 5 0 0 5 0 0 0 0 0 3 0 0 5 0 0 0 0 0 0 0 0 0 0 0 0 
bsavic3
0 0 0 0 0 0 0 1 0 3 1 3 3 3 5 1 0 0 3 0 0 0 0 0 0 0 0 5 5 0 3 5 0 0 0 -5 0 3 3 3 0 3 5 3 3 3 0 0 0 5 5 0 3 1 0 
Afifa
0 0 0 5 3 0 0 0 0 0 0 0 0 0 0 0 0 0 0 0 0 0 0 0 0 0 0 0 0 0 3 0 0 0 0 0 0 0 0 0 5 0 5 5 0 0 0 0 0 0 0 0 0 0 0 
lamnguyen23
0 0 0 0 0 3 0 0 0 3 -3 -3 0 0 -3 0 0 0 3 0 0 0 0 0 0 0 0 5 0 0 1 0 0 3 0 0 0 0 0 0 0 0 3 0 0 0 0 0 0 3 3 0 0 0 0 
Viktor Voytanovych
0 0 0 0 0 0 0 0 0 3 0 0 0 5 3 0 3 0 0 3 0 0 0 0 0 0 0 0 0 0 -5 3 0 0 0 -5 0 3 0 0 0 0 5 3 0 0 0 0 0 5 3 0 0 0 0 
ccolem25
0 0 0 0 0 0 0 0 0 1 -3 1 1 3 3 0 0 0 3 0 0 0 0 0 0 0 0 5 5 0 1 0 3 1 0 -3 0 5 0 0 0 0 1 5 5 0 0 0 0 5 3 0 0 0 0 
arafac3
0 0 0 0 1 0 0 0 0 0 0 0 0 1 5 5 0 0 0 0 0 0 0 0 0 0 0 3 3 0 0 0 0 3 0 0 0 0 0 0 0 0 1 0 0 0 0 0 0 5 5 0 0 0 0 
nahom
0 0 1 0 1 3 0 0 0 3 0 0 0 5 1 0 0 0 0 0 0 0 1 0 0 0 -3 0 0 0 0 0 0 0 0 1 0 0 0 0 0 0 1 0 0 0 0 0 0 3 0 0 0 0 0 
DarkRedLion
0 0 0 0 -3 0 0 0 0 0 0 0 0 1 3 0 0 0 3 0 0 0 0 0 0 0 0 0 0 0 1 1 0 0 0 0 0 0 0 1 0 0 -3 0 0 0 0 0 0 -3 -3 0 0 0 0 
aditya
1 0 1 3 1 3 0 3 5 5 0 1 3 3 5 0 0 0 0 1 1 1 0 3 0 1 1 3 1 1 3 0 1 5 3 -5 0 3 5 0 1 3 5 0 3 3 3 5 0 1 1 1 1 1 1 
fish123
5 0 5 3 5 1 5 3 0 3 5 3 -3 3 3 3 0 0 3 3 3 3 1 3 3 3 0 5 5 0 3 3 3 1 0 3 0 3 1 3 3 3 5 3 5 3 3 3 3 3 3 3 0 0 0 
cdearm2
0 0 0 0 0 0 0 0 0 5 0 1 0 5 1 0 0 0 5 -5 0 0 0 0 0 0 0 0 0 0 5 5 0 5 0 -3 0 5 0 0 0 5 5 0 0 0 0 0 0 -3 -3 0 0 0 0 
ksavat2
0 0 0 0 0 0 0 0 0 0 0 0 0 3 3 0 0 0 0 0 0 0 0 0 0 3 0 1 0 0 3 0 0 0 0 0 0 1 0 0 0 0 0 0 0 0 0 0 0 0 0 0 0 0 0 
Alejandro
0 0 0 0 1 1 0 0 0 0 0 0 0 1 3 0 0 0 3 0 0 0 0 0 0 0 0 5 1 0 3 0 0 0 0 1 0 1 0 0 0 0 3 0 0 0 0 0 0 1 1 0 0 0 0 
mle30
0 0 0 0 0 0 0 0 0 0 0 0 0 0 0 0 0 0 0 0 0 0 0 0 0 0 0 5 0 0 0 0 0 0 0 0 0 0 0 0 0 0 5 0 0 0 3 0 0 0 0 0 0 0 0 
Sheghi1000
0 0 0 0 0 0 0 0 0 -5 0 0 0 -5 -3 0 0 0 -5 0 0 0 0 0 0 5 0 0 0 0 5 5 0 0 0 -5 0 -5 0 0 0 0 5 1 0 0 0 0 0 1 0 0 0 0 0 
Karaziwanc
0 0 0 0 0 0 0 0 0 0 0 0 0 0 0 0 0 0 0 0 0 0 0 0 0 0 0 0 0 0 0 0 0 0 0 0 0 0 0 0 0 0 0 0 0 0 0 0 0 0 0 0 0 0 0 
ccedge2
0 0 0 0 0 0 0 0 0 0 0 0 0 0 1 0 0 0 1 0 0 0 0 0 0 0 0 3 1 0 1 0 0 1 0 1 0 0 0 0 0 0 0 3 0 0 0 0 0 1 0 0 0 0 0 
qkarp2
0 0 0 0 0 0 0 0 0 0 0 0 0 3 5 0 0 0 3 0 3 0 0 0 0 0 0 5 0 0 0 0 0 0 0 0 0 -3 0 0 0 0 1 0 0 0 0 0 0 0 0 0 0 0 0 
bestra8
0 0 0 0 0 0 0 0 0 3 0 0 0 1 3 0 0 0 0 0 0 0 0 0 0 3 0 5 0 0 0 0 0 3 0 1 0 0 0 0 0 0 0 0 0 0 0 0 0 0 0 0 0 0 0 
hpate94
0 0 0 0 0 5 0 0 0 3 0 3 1 5 5 0 0 -3 -3 0 -3 -3 1 3 0 0 0 0 0 0 5 3 5 0 1 3 0 1 0 5 0 1 5 0 0 0 0 5 0 5 5 0 5 0 0 
Tameem
0 0 0 0 0 0 0 0 0 0 0 3 0 -3 1 0 0 0 -3 0 0 0 0 0 0 0 0 0 0 0 3 0 0 0 0 0 0 0 0 0 0 5 1 0 3 0 3 0 0 0 0 0 0 0 0 
nsotom3
3 0 0 0 0 0 0 0 0 1 0 5 0 1 3 0 0 0 5 0 0 0 0 1 0 0 0 3 3 0 1 1 1 1 0 -3 0 3 0 0 0 0 3 0 5 0 5 1 0 3 3 0 0 0 0 
JohnML3
0 0 0 0 0 0 0 0 0 0 0 0 0 3 3 0 0 0 1 0 0 0 0 0 0 5 0 5 0 0 -3 0 0 0 0 0 0 0 1 -3 0 0 1 0 0 0 0 0 0 0 1 0 0 0 0 
tlee91
0 0 0 0 0 0 0 0 0 0 0 0 0 3 1 5 0 0 0 0 0 0 0 1 0 0 0 0 0 0 0 0 0 0 0 0 0 1 0 0 0 0 5 0 0 0 0 0 0 0 0 0 0 0 0 
kahmed28
0 0 0 0 0 3 -3 -3 -3 -3 0 5 0 5 0 0 5 0 0 0 0 0 0 0 0 0 0 0 0 0 5 5 0 0 0 0 0 0 5 0 0 5 5 5 0 0 0 0 0 5 5 0 0 0 0 
Dakka
3 0 0 0 0 -5 0 0 0 3 0 3 0 -5 5 0 0 0 3 0 0 0 0 0 0 0 0 5 5 0 3 3 3 3 0 -5 0 0 0 0 0 3 3 5 5 0 0 0 0 3 3 0 3 0 0 
irbi1
0 0 0 0 0 0 0 0 0 0 0 0 0 5 5 0 0 0 3 0 0 0 0 0 0 0 0 3 0 0 3 0 0 5 0 -3 0 0 0 0 0 0 3 0 0 0 0 0 0 5 5 0 0 0 0 
cgoodw3
3 1 0 0 0 1 0 -3 -3 -3 0 1 1 3 5 0 0 0 3 0 0 0 0 0 0 0 0 0 0 0 3 0 0 0 0 0 0 5 0 3 0 0 1 3 0 0 0 0 0 0 0 0 0 0 0 
universalbutterfly
0 0 0 0 0 0 0 0 0 0 0 0 0 0 1 0 3 0 3 0 0 0 0 1 0 0 0 0 0 0 3 0 0 0 0 0 0 0 0 0 0 0 0 0 0 0 0 0 0 0 0 0 0 0 0 
JonM21
0 0 0 0 0 0 0 0 0 0 0 0 0 5 5 0 0 0 5 0 0 0 0 0 0 0 0 0 0 0 5 0 0 0 0 1 0 5 0 5 0 0 5 0 0 0 0 0 0 0 0 0 0 0 0 
rbhuta2
5 0 0 0 0 -3 5 0 0 5 0 0 0 3 3 0 0 0 0 0 0 0 0 0 0 0 0 1 0 0 5 0 0 5 0 -3 0 0 0 0 0 0 3 0 0 0 0 0 0 3 5 0 0 0 0 
Roger
0 0 0 0 0 0 0 0 0 3 0 0 0 1 1 0 0 0 0 0 0 0 0 1 0 0 0 5 0 0 0 0 1 5 0 1 0 0 0 0 0 0 3 0 0 0 0 0 0 3 5 0 0 0 0 
akandi2
0 0 0 0 0 5 0 0 0 1 1 1 0 3 3 0 0 0 0 3 0 0 0 0 0 0 0 1 0 0 0 0 5 3 0 5 0 0 1 3 0 3 5 0 0 0 0 0 0 1 3 0 3 0 0 
mmihay3
0 0 0 0 0 5 0 0 0 0 0 0 0 5 5 0 0 0 0 0 0 0 0 5 0 0 0 0 0 0 5 0 0 5 0 1 0 0 0 0 0 0 0 0 0 0 0 0 0 1 1 0 0 0 0 
